PUJINI
khaldounkurdi
redaabdelzahr1
omaralye12
Khalid__WK
ghada_kurdi
A100ADEL
Hazemshawky13
dossqm83
abody740
CedarIbrahim
cl1XzK3mmQRCGQH
MareezClinic
TariqAbunaji
hc69RGA0TqSRfIg
AzzaNoeman
MisoHaji
eisasaif
mykbZYdGnfXy1PW
AlborMohand
ahmd15700
NRgKASvcYYjUsqQ
abdullah_ajifry
AbdullahHanno
Mohamed51337825
mohsen_bamehriz
agy9DNrijohTwPp
IPevtLdL7TcUTXe
8gGF1HjTwRiVLyc
sahar_zagzoog
4cOwmbItI4sD42R
boodi200050
waad32950268
aymansiam5
yOMbvmH48JXTOGQ
NoraAGalal1
suhailthunder
red_kabreet
chadito772000
elginism
aamir_770
79Shahidul
Neeven4
ZeyMC
ibrahim_radja
LamaKordi
manal_almas
Mahmoud04061122
AzzaZozza1982
HalaAbulawi
zbendz56
WasoufiA
silvermoonbadr
AFY2030
ahlzzz
HMoheddin
southstreet_jed
Asoomii_BH
rabahmkurdi
WalaaMohsen19
susanrczk
4eeb3fd25d22488
sammys950
nfhrky
KurdiRabah
hammadhamory1
BLACKCARSSERVIC
sabduljalil78
MohammedDakhil9
abouelsid
Rah1243
HalaMosli
NGSoufi
merlekun
GY_arrow
babarmirza453
asw2123
roro123455ff
effatrose
000wafa26
misbah_aladin
CHOUKRIAMAMRA1
sarahhelmiturki
RDakheel
abu_zaharah_KSA
FatmaMannan
Nobi_Nabeel
Blurrayrola
gsoufi
RawasiHotel
NoafSoufi
rmoufti
Roshan_Mall
lamyaMB
soufikadi2000
DiamondBodrum48
GFY2020
mohammeddakil19
Sous66
sabunji
AlaaDuhaiby
KhalidKmf
Naifsoufi
jeddawi28
AFYounes
moesaadi
Mahmoud_BM1
TatouTazert
bushnamm
ghanouge76
adnsfi
Najwa_kurdi
nadajfarsi
hm1430
sama1959
HAbunaji
dollytd
Lujain_1980
Rawansagga
talalhaider1
halajouda1
habeer111
observer_o
iLushus
Hkaw_
OmmHasan
GroupRsn
Galalicious
SosennaA
mzycoolguy
JihanKalai
MagdolinB
mrmkordi
xodimaox
Elafmj
sultansoufi
alaa_dakheel24
mbz30582
RabahKurdi
rawansag
Andooshie
Huda_Meh
safwat1986
HayoofaM
NonA_FY
RannoBr
SamarahDh
Jool12
ksoufi
YazeedWK
AAbunaji
SolySaadah
MisSBlackDEviLL
omabooda
BakkarK
Sohiviris
Dina_Soufi
sabduljalil
allrsam
mando484
Anhar_Ka
ssoufi2000
RafalValo
ArrMufti
Dandoona_AQ
majdi33
AnaLesa2000
Rawan_Ag
dr_ahmed_psycho
alaqraby
Ardine384Ride
JoeyMckillop104
AbeerKateb
abdullah4you4a
OKhadra
DeenaDakhiel
Al_malki_m
RanyaMoufti
AliaDakheel
SaraAkayyal
Abulrezg
meteb
strawndakhil
Shaimabnhussain
ydakhiel
Raneem_Farsi
Hdrmout
SaraKhashoggi
coolyasmeen
Areej_AlHowaish
wvengineer
