Heatherm4RN
HeathermRN4
Anisa10580714
Jellybean_kaang
2WeekDiet2018
kgsmom79
primosmansfield
Art8Coleman
hespecial376
DCowboys365
MeliaWilliams15
africanewworld
NaeAndSpunny
AHSKeyClub17
VuyperProBeats
_Nina_Love_10
CranitchLorcan
MouthOvDaSouth
hi2009li
Rwilson51
zykirra1
Juggbroty1
didisnephaon
Kenneybo46gmai1
Samanth01301140
RicanSwag89
46happy1
NatTurnerII
Nella_the_great
mrzvaga
cognacsdayton
shonabear
SeriadosOficial
mdalam2433
CounterfearZone
JaaunJa
jennblossom79
AStephens31004
CarolBu39244427
Readlearnlove
jordansanders71
msvon36
tacoma79
MsSarahPCC
RazdabarSM
jeanette_charte
tambition1017
JustDarron
JeriJerir24
HustlastateEnt
lashawngustave
NextChapter26
A_T_G_S_
rick40per
MellowMansfield
MsJoyJones
owens_kodoccute
sammybaby84
ericcbabyC207
ssouthichack
yainerisamo518
BT_risktaker
NewOrleans_Buzz
mellowarlington
CharteDunn
dee1855
ddewsr937
Dayton_Buzz
Sunnipgug
FortWorth_Buzz
Thorny_Badlands
ClubVaultDayton
Bottom2thatop
Tyrone_TB
LeslieMarshall
MoCole916
FrederickLouis
ToneFelone
salt360
krice1702
WTSWRadio
chckdowncharlie
AndreeDeturenne
ParkPlaceTexas
Rivemalin
YeaYouPunk
B_Agnew
BishopX79
FMNPtaurise
Midhunkmidhu
EnvyDayton
FRE4KEM_STORM
wadesword
PureBlissYogurt
EverythingATL
ZOUK_THURSDAYS
TeeyAyZee
Reggiehustle
KingDavidDayton
cowboysnflstore
Gem620_YUUP
Twistymae
coolrey937
blaqqbarbi
CoryBooker
UPTOWNLENLO
Monique73pd3
angieispinky
ImissyouMichael
youlost2melol
