spainandalusia
gremihotelsbcn
thewealthscene
asjipon
photo_ace
GetBusTours
Askpamapp
ChristopheV_1
japan_advisor
lacouronneduroi
dianicocarvalho
luxury__travel
9secondes58
raisenpau
ananda1001
noussommesfam
wandering_pair
Maude2i6
passion_boston
passionnotting1
EscortsSublime
himalayastrek
ThatBBQPlaceCA
BlanchinJo
TooBarcode
Theclannish
zjq0534
CrowdTRetail
AskLeighStJohn
airbnbconcierge
starbaileybag
adviserspain
Harley_Consult
LuxTravelCloud
CharterVideos
VanBeuningenLtd
ahmedyousif2016
DominionJet
Premium_trans
dlSpainews
MaryBooneBar
turkeyconcierge
southendtravel
LuxuryGlance
OusleyConcierge
HandanBoyce
yurigonz1
Acireblue
BlackKeyAU
theluxurygrp
limo_ed
HildaAli12
SMILEPRINCEcom
SuperConcierge
Conandetective8
sidekiksnl
feyiatanda
myjolicoeurtour
handmadeleathe1
Eula1913
DBSDRIVE
PS_Concierge
TahitiLifeDream
53Grasshopper
jprietom
erikmagnethi
rulmamora
eccrespo893
epicureanways
Conciergist
ModelSkylarStar
j20u7a63n
VIPWINETRIP
sandralopez135
LuxcarsServices
cr1sx
tati_222
AltoLujo
PrivilegeServic
MyConciergePR
mugueno
deluxebiketours
QueOndaSou
LuxCierge
medianovak
barcelonaloves
kudahippocampus
elprincipe_gay
FoodTravelEvent
ConGlenys
whatsupmalta
PrestigeBCN
olgaper45313615
thepadesk
HotelCasa1800
Prestige_BCN
CruiseLineFocus
Precieuxshoppin
EduTravels
_ohmyprincess
living_the_city
costabravagui
bellezaboda
lfarach
LuxeTalent
FrancescHolgado
Solmejia22
Shamsa_AlFalasi
elduranguillo
ciespa
Apartment58
salonnautico
frederictabary
CheckMyTrips
MManuelVillegas
MichaelMaely
AmelieGlamelie
HVillaPadierna
MBookStudio
GinMare
dalvamym
exclusiveluxe
Roatana
natureback_
ThanosHotels
StayFiveStar
veritoim82
BigSamHall
EuroTravelog
EuroTravelogue
JeffTitelius
Wearewebhands
MestizoMadrid
ATumbarello
yolandaibz
HotCosta
monimoleskine
montsefusper
PhotoSteward_
marionapb
lauren_not_home
affluentimages
HRHKathleen
panamainvestBCN
adelapalop
KateBartMusic
LuxuryAlgarve
CirugiaPlastic3
ExcellenceFair
MyGuideAlgarve
just90tv
GayParade2012
jotaylor7
charmedvoyager
soyjorgemoreno
Totalisimo
IturregiHotel
Govaswimwearmia
Valvana
ppantiga
Sunday_Shopping
javiercheca60
YasminFarajCh
sabinedewitte
azaharSevilla
TOSKOVICCompany
spabarcelona
traveltaxibcn
mariedovittori
fdvicente
samahhadid
dahia0921
BCNmirandoalmar
BarceloRaval
TravelIndustry
elalistravel
esmeelias
SCIViajes
FCornerMarbella
WelcomeBooks
Cambaluc
Piedad_Labreque
SouthernSqueezd
PYPOULAIN
Hanssamillan
RiofrioCaviar
island_ibiza
sanpedronoticia
IgorPerez3
Exclusiver_ES
BarcelonaHelp
Ruralus
lebureauoaas
vntut
fashionizaTlopz
MistyTravel
pao_lorenzana
ZahraAldunia
charynpfeuffer
MariaNYC
srudat
StGeorgeIsom
Laureanotx
la_bebe1997
satchapretto
cmodavalencia
classic_miss
BisuteriaElsa
turkeyparadise
CoconutAppeal
navajasluis
mujerquetrabaja
Maremagnum_
Emilianensis
casessingulars
AleshaGroft7272
1paullepoulpe
patxicomas
NuriaNetworking
rest_pantone
FROIGT
frankbenedicto
PasionLujo
AnnaTevanyan
AkamasVillas
jhubpoker
YouStylish
KmiloRock1
martaalonso
MasCanBatlle
luxurynewsspain
TICHoteles
Yolane14Auto
Nuria_Costa
deluxperience
Muuby
bandg4evr2
DannyBergesonIW
silvinhavj
DidacLee
alex_sanma
AntoninaWassamR
PullmanSkipper
copasandtwitts
Terraza_Alaire
Merlenetc463
Logitech_ES
MHomedes
GayTravel
BeMyVA
GranMeliadeMar
nadiyaia
jacinta_fer
MinstrelI
dulceabaotkq
landrynadiyadjd
kendresuareznc
wileysffspo
branch_ch
ChicbyClare
baconromar
camellahpekj
10pde
LuxandLumen
RogerCardonaS
StRegisMallorca
lamoskitia
TRAVELINGGREEK
FlavianaF
gonzalezbastien
cashautopilot24
2MichelinStars
Boathotel
bestibizahotels
juderia
Manu_psicologo
IGNACIOGARCIAS
_restauranteval
cuentaatrasCA
isareps
ForoRSQuito
GuysAtYork
TenerifeChildca
freegreenbeans
tapassentao
LakeMeadPark
JackGrau
AquatonicTM
HotelRocBlanc
TermesMontbrio
vistevestidos
OpeningDoors_
minimalist01
jesusperezsoto
TheFashionFlag
axelfriendly
franaymat10
HondurasTravel
ZAG_YACHTING
conciergerie_
LionHotelAthens
DentroLeNuvole
TheGinRoom
villaoniria
rspymes
eliafelices
ICCAWorld
michellechaplow
Mondocarno
MayanLuxurySpa
crisgv
HotelMiro
TapasAndDrinks
CapRocat
MesQHotels
VillaSoroHotel
inestroytino
W_Barcelona
Astoria7Hotel
Pilicadp
latrufanegra
fincasonesteve
PatitoMusicFest
tourquia
RIENDERIENCLUB
trilogyspa
dynamicnyctours
LuxurySpainTrav
RefinedJEF
RefinedResortRe
mana235s
edviib71
mice_tourism
Journeyswoman
MO_BARCELONA
grupolider
ConciergeFrance
todays_phrase
alsurcafebcn
TMB_Barcelona
ASEcarpas
javierdemiguelm
discountofficeu
ghotelcentral
BTravelShow
hotellabocona
lesglories
HiltonHonors
ConciergeQ
ir2M
Blanconcierge
studiotwenty22
inPuertoVaras
TravelSweeps
incognitobcn
C_Fatima33
PrideBarcelona
Seville_Writer
econcierge
IBTMevents
TwestivalBCN
hotelduquesa
thinkinglevel
katiuskasmit
dennysbfs
links2trust
Maureengdi
zippywriter
FREEwebtools1
hotelespanya
carlosdiazgutie
MayanUrbanSpa
Feria_Valencia
Rusticae
MCIAssociations
RelaisChateaux
BBMiCasa
travelglam
HiltonHotels
mms_zurich
DescubreMalta
feriademadrid
evadehotels
hootsuite
alexandrahotel
babysusan29
loveearth855
hotelcondesbcn
healthtweets4u
santcugateria
secretariaplus
WineCanBonastre
nickilouder
SteelManBeats
BcnIn
kalemguzeli_net
EgyptPhoto
TravelNicole
MO_HOTELS
shilowskapretto
LWEurope
