gemmacolljordan
unaimarlo
abcviajes_com
PrintDVV
Nui_beach
DavidGomezHerr3
biutysoul
ACECCINES1
MarcPuigAupi
BatlloriPena
foscaics
ComoVader
joseman98015601
InicialWeb
XavierTey
jodofi1
piwi2608
al_khouri
Ruthjece
migueldm98
mariajo86826968
SharonKean1
davidadelantado
EDICIONESSIBILA
mmiimmiii94
Judith8575
Nexus1O1
evbxpg40
aran_revistacc
RojasRoberth
BuyAway_ES
BobaFusionTea
thecrow24316
Eva69716787
Mariam_QZ3
marsahis
FlipFlopShopsSP
MoyGarccia
delirics
AnaReixats
DaLuMaria
Rgonzalezpic
HiphopLeslie
MaximoHITS
Danysbd
Oplanter
adribermudez
Pablo_L_V
Barcelonins
ColladoAntonia
DidacMa
SpStyleEstilist
ona_llum
marventc
TXURIURDIN64
BCN_Mola
padichan
CreuRojaBCN
ComertiaRetail
PaternaJavier
Borges2Janaina
Anna__Barcelona
LauraBarbal
donatellayb
h__2__1
badia_barrena
Laura_Rieiro
raquel_lost
Paqui90620454
SandraR19962365
TxemaPereira
EuronetATMsES
JUPM10
buff_es
RevolucionFB
jmasatance
VeronykaV1
erbelga76
PanchitoDekeso
rubgonbe
unicef_cat
pilcast
DOCfieldBCN
evelinnc
kryss9javi
GrauGabernet
mmjambrina
katyacortez35
GrandsBuffets
Globalhabitat
monraf91
CCRibera_Xuquer
Cosano4D
martafarre
mmmartitaaa
genialsdivins
qualsevol_nit
GremiFloristesc
xtrmmk
at79cat
eiramusica
infomon1
RandomLaus
Esperit_de_Cat
GemmaSicart
deivizzwhite
CarabacaAntonio
Monica_d_Castro
Alzheimer_Cat
ffuuss
PeleMacLeod
TereTlo
peregrimal
asinabarcelona
FornerOficial
SOMMultiespai
Robertbigues
cristinavinyals
_jordiiii
aitanaidoya
YOSOYVJOE
accesitybcn
chepolohelados
BravoHungria
nurieta123
nlpada
BarbershopBcn
akangas_
Hotel1898
HotelSohoBCN
krys987
IsabelRico11
HotelJazzBCN
BHotelBCN
davidserra11
ElLlobregat
Renfe_SNCF
Renfe_SNCF_Fr
Renfe_SNCF_Es
adrianyed
laiamoreno3
SAISO1
Gucinari
ZaidaRua
telchar22
Gentlemans00
DominguePrieto
david_aristegui
ginacordovap
NavarroDamaso
conxiiii
martacdehesa
CONNECTADRegalo
vhmfbcn
JapoCat
EileenGaspar
centric_bcn
Gabriel74207480
florsaadi
Lauris2527
KosmosGroup_PCI
MadridTaxis
NURIA21M
onavmar
nuriabdn66
Ofertas__Online
Noelia_Harley
MercadoCerez
EsDaSaNo
carlosgc32
mchamerom
AlejandraRis2
bernardoridao
npuntomedia
natycampano
Razor_ES
Revivelanoche
normcoregirl
stvzema
Jordi_Corella
SMiyumi
manelcreu8888
purecuisine_
AlbertFlaujat
manu_rufo
Ntaxi_
alphasensgames
adree_nr
priscille_3
resiouuu
bodegasnubori
L0987755331
Mercarmon
dorishga1722
Silvialiagab
Sorteaycolabora
cato_sora
MartaNorgaard
ImseConsulting
MovilidadBCN
NachoBonet
SideralBcn
somunsbruts
Chef_Eloi
rakkel93
maria999999
SuprutG
heclopbal
EmerJaDesign
Bcntrending
Tu_likeas
carrerdelagula
Chiidekin
finazamu
FusteAnna
ECartroon
CatComerc
Pyrasera
EricPrades11
robertogimon
movistar_es
nitbcn
catalunyavalley
ThierryGEORGES4
ParcCentralTGN
AchromoZanar
pilargarcia49
edurnesam
CanalTipiEs
intelecteam
ElitePlainfield
jjuliolr
CanDanielBar
CiclopeBrontes
josepvic51
SerClienteSpain
astridramong
87Crist
chuchopaolini
Merilf24
__SRS
RozalenTourArg
lucducatibcn
BipTpvSpain
la_txell
Sandrils3
jpszbcn
jordimayl
alfonsopipa
2thelooES
yesleo67
ConstrusQuiros
Idolidia
AnaOmenaca
bipolar_oficial
inmasilg
StreamofLight3
naradu8
ZuOlszewska
montseeperea
canal_cris
mariiiiagc
slx17
shirleydasha
teresassagues
estelbrillant
Granaina10
antudoscinco
allym33
NocturnaEd
Anaruiz1949
thekeepers_es
MrScottEddy
cristina153u
CubellesLuna
ClubFansRozalen
susanasalces
gohebcn
SuaveShoesUK
FerCasteller92
evamartinezmiq
Monchosbcn
MariaDe33830183
MolineroAlameda
maygonzalezlago
playpaddock3
MitosGalaxiaSW
mejorwebshop
RoyEnrique04
Saku_haruno_86
AmicsdeLaRambla
PetitExplorador
DeliFritas
EditBCN
QuiqueNogueras
Punchin1
spuges1
holagentevlog
AdelaidaAgusti
marta_fresneda
sansatoldos
Cinesa
carme_ribalta
JordiPieBolivar
nice_barcelona
Cantera_4ever
JSA_Finance
CarlosSocola
MaritzaSilvana
soloamen
Carolaynns
Klavierbcn
ruizdin
KoreanBeautySP
ItsLau8
publipressmedia
carlitros333
Rinxuls
naves_raul
trinidadbravo
NataliaMeg
borrratxa
JOSEPJlas
edabousa
KAlboranista
KenOrion
IvanMera3
caparros_ma
jpnavarro96
360webstudio
martabou1992
IsmaelSopena
javi1117
karlostremps
GustinLakes
mbgalera
aparanza
MiguelARodrig13
ZapatosCasual
Alicia_Angulo
sil_m_garcia
Baulo
CinesFilmax
_navinator
BCN_Comerc
JeguevaraRemix
bijouxancre
ismodeismo
ccmagicbadalona
mireia_carfita
mariarosapozo
Sushi__Online
MariinaPardo
BelenaGaynor
bcneb
josegabriel667
pececillo252
ajcabre
Marablues
MarDurbau
tallerdemusics
Aribauclub
mallandmore
JuliaCalpe
AlaPlanchaNet
AGTANGO
jX09A
anergeto
mariamamamonica
AlbaMarfil
amamoren1977
BitchainATM
HernandeManel
lpelaez231
benavides_ligia
expmag13
patriciamcerlai
Gemmagdk
marigoremartin
quercuselectron
Roser_86
cxnxi67
CarminaEsteban
danihdezlo
JoseMjose9397
crisentreletras
ancach89
parasergirm
wapi_88
Marytimes4
Oliver74334858
Kia_Soul_Spain
Angela00189535
oro_m_r
hernandez_tama
drodphone
LpezAntn
marincobo49
maazancot
goldenwheelsbcn
marabel9
SilviaCasanov10
KIROWA_FASHION
ImportKareva
nucabcn
PgarciaNCr7
alicia_ce7
GoParkAirBcn
BCNFahrdienst
hawasidibe8082
VIcenteVaquer
VoilaShot
Misscucadas2
Cescavc
veronicafndez
MrcdsCar
momore91
guillemcast7
cuatrodiasde
Nana90bcn
Oriol_Franch
cAlLizb
happy_ichigo
dtorrejon30
babybcl
Silvia_SBB_
rusineta
mlpeinado
B21_Network
_CSanchez_
Stewart15517047
crisripoll
tugasgerminados
geemaa29
VictorManuel_Of
elsexperts
rebelde41
BHBmarketing
Redbook_Ed
desvetlla
Mikaelaghita
donbordado
irenebcnvila
BubeNilo
2PuntoQue
NoeLinecoast
SanchezVives
SandraSabariego
XaviUbieto
Oruga_Duran
manners_isabel
EvaCanooo
MMonicaSPAIN
humanhunters86
str_uki
isabelgp80
MoshingSarah
startsplitting
ICelma
cvarelalomas
rviljus7819
anasaabr
Ruthsotogarcia
comgrupbcn
infogapzenith
NeusValenzuela
BarcelonaTAG
montsect
ConsultingAmo
angelcreativoad
begonas143
MaryGP_59
revistavalors
fernandsanchez9
rubenchurd
WomensCup
Tiendeo
irmahoroshka
MiriamMangas
CryptoCoinsNews
batista_judit
ANCentros
AnnGmz
RetailerSpain
P_Audiorama
drjmpericay
polcd
llorermusica
Respondon_es
comolomio
missplan_es
MetAEspana
selectapbcn
GGmusica
RitaCrawdford
CrowdTRetail
Grupo_Temas_V
VulcanoPizzeria
MysticFallsIS
javiermillan9
CGTCatalunya
montsedo2531
lovitapp
YourinShopping
VirusFelicidad
BuzzBarcelona
i____music
trypticcom
KoanaLife
hortensiagrau
idogc
daprso
BoscdelesFades
MuseudeCeraBCN
milesdeofertas
DaniiPeredo
leblogari
AboriguenaKulun
MiPrimaLondres
PaaulaMorales21
BCNDivina
ArturodelaRoche
Sil_b78
TheFashionHeave
CentroMaxCenter
BookStyle1
fanthropos
BarcelonaOberta
logoclon
MirindaReche
pinkire
Halotwitt
minamoclothing
Fnac_CAT
LMVTattoo
SuperPang666
LadyGagaSpain
tasconbarcelona
BiaRalu
Fundacionfriend
principe_pio
hegooc
SandraGaliGali
vaincris
storeshow
martarp1983
FaroSu
BcnCafeZurich
pardolamela
lolieg72
Xemyoh
MCogul
bravo19601
nubel_IVN
White_daniels
Judithcasanas
a251072
PelaiCentre
IceWatchFlagBcn
PLAYBCNTIENDAS
JavierMarcus1
moodnaturalbcn
AECComerciales
PeluSPStyle
RumoresDeApple
rai_alar
EricGami
HygieneShopping
hotelnextto
cristinavilla94
molinaaac1
Silveri_11
VisitBCN_CAT
VisitBCN_ES
PaulaCarda_
nuriabalada
antoninashu
mojoisland
UtopiaStudioWD
senoshaolvidado
BrunchMagazine
eucabrera
mujer44_pasion
LuxeTalent
Oportunic_Cat
citytoursinbcn
Anais190187
maricarmen762
todayytomorrow
ChicasDon
aitorito85
txelisa
EnricBCNcat
noodlesandfun
princess_jhine
airebathsES
diyandvintage
KanzahSpace
xletona
kalzzaPozuelo
arenasdebcn
NogueraVintro
LaXarxaby
RavaleandoBlog
PrepositionG
EsterPante
Rocker_girl05
cubiczx
beercorner_es
visusemp
MercatGalvany
OmarRodgez
CrisXiky
ZakiaSaragoza
mayusculamueble
SMEbarcelona
JMFreixanet
Habitat_ES
Jessica6imenez
SaraJG_
gabrieljene
MoiJordana
Museu_Egipci
wineissocial
islookingforme
Sibbarit
clasificado9
Pastoral10
Jorvanisa
davidxdms
Nosotras_com
petitcomitebcn
Accessorize_es
jcarpiom
loladelacruz
Tea_Shop_Spain
animacionesTTT
ferranvia
MillerPromo
martabolbrac
g_experiencia
apticca
UO_estudio
victoria_p_r
ulixesfg
PaginaEmpresas
CashMobBCN
mrwonderful_
PhilGonzalez
revistacentros
VisitBCN_EN
corunacity_es
masvision_es
Escolajoso
wokstreet
Rpjennifer
dani__sbd1997
DivinasModa
Raypueyo
MD_Belleza
framonteleone
SheDasilva
linkmediatv
DiomyClementeS
nuvoldecoto
isasevilla
Veroni_db
Laltarriba
brielandia
javipop
ichi2chi
frankiegras
arnaumaga
f_pablo_alboran
dpvampirita
jlmatsoriginal
DiagonalMar
juanhitotgn
buenasmigas
HAKEI_
Pintordeco
dakotablue
hacgrafica
marigarcia65
la_arquera
DianaPlaSolina
RADIOPICA
