hotelsDyH
TotVeloMenorca
Jesmonar78
produccionsmc
rtbsport
nth_8
Parcelhub
kinendu
WorldBazaarDir
eccobotellas
eduard_rodellas
_ALWAYS_RUNNING
wittrail_com
abrahamcn
Lau501Ra
AbedDonia
carlesmile
vito703
L0stinp4radise
Rubennegrito20
Moblized_Sales
MonicaMuozPerea
sporttrifoot
fashionBIT
rlombera
eufrasiofernand
VictorBaldom
horacioruben11
entretotsSM
LaSubhastaResta
FeDiToscano
misstraumart
manzano_ngel
javierPiscinas
Dr_Cahos
davinia_ventura
JuanchiTraverso
SalvadorStb
xarly1990
bcnporttour
rtbcosmetics
mtoscas
nubabcn
guitarconcerts
BCNFoodieGuide
MontjuicRunners
peris_laura
joelcodinaland
ericolive34
OscarVzquez
diegoalonso
JudithTamayo
TecnoSportMad
meriyou18
nataliamorenil1
EvaSanchezVicen
infinitrisports
jemonleon
ayalamireia13
jesusolivermk
andrescarri12
JoseAlbHdez
Ferranet70
AlexSalvadorMir
polgracehotel
paquyto101
quintinserrano
isaachermo
edupenafoto
LUISFELIZtri
bestnewtrailers
AlberticoLorrio
valentisanjuan
danimarcogarcia
ylspier
CarmenOlias
maivasconcelos
robervillena
FlipBeltESP
PaulaBattilana
coolwearstore
laiajara
DemujeresPortal
Cannondale_Esp
BTwinFansEsp
silviamiguez226
SuperBikeRunner
guell
Miki_Blanco7
sorayaWITL
BetlemGastro
AishaGalliano
belenm79
papyhdh
psvanesa84
nuvoldalos
arantrail
jordilora
LeticiaGomezRoc
elfileteruso
Quepatirem
ATICatBDN
cesc_sales
GemaMoraBla83
HectorciyoBcn
DANIELdoiser
EliAlos
OliverOptics
TRAV_PEN_BLO
SergeBarnet
ElValleR
x_trail_
FUNPILATES
FitMind_
SomosCorredoras
42x18
Gerix7
inkopujol
saltatrene
santacarlamusic
CarlosBenitoS
BelenASecas11
JavierVicente78
cintiabrgn
TriwomanTri
Tu_pegatina
paTRIATck
InverseTeams
pattylledo
goodman1073
cdcbike
gatovolador6
Albertojsolis
Bradiman
TriFlaco
CocinaSinEuros
mperezflotats
AbelPalacios75
kainxs
Jordi_Galera
mikimolina04
JuanjoFuster
CarnavalGuixols
IvanMSanchez
CAXaloc
RunnersTwo
jordigil77
antopedregal
RanaAfro
UDLaMontaa
Naviti4
swim4live
SCorriendo
franmonin
pablosdelcerro
marcasanovas7
carlesfides
rosadeltoro
IsaacRiera91
andresfubeda
xeflis
AmadRuben
tribikefactory
oscarmj73
Laura_CorralesD
VO2triatlo
ThePressy
RunathicsTeam
AndroGuezala
lockarp
FisiosanPalma
jterradellasb
Adrimartinezbh
amandabuch
gabimadrid79
Devora88
vrchewbacca
elenaludi
AbigailBcn
CERRRIGUALADA
compressport_es
Sportactive_
trainer_sp
BonninLaura
LaTriatleta
maratest30km
TriAnyospark
HHAbogados
sloprunners
LaNeorural
Carmeta77
Jansana
jaumecanasb
ejmarin1973
Lil70set
pepivaderambo
hupa9098
Miguel_ESP73
EntrenameYa
frank_village
MrsChristinV
marcosNTP
BikePunset
Alexeitri
Irgtoto
egcreus86
sergiofinisher
Trijuansa
BorjaAndreu13
ikermu21
tek0__
triatloneando
triresistencia
elenamontesre
lolagd74
YORtimeisnow
miracolobike
UpTeamTrail
sanfigjo
LeoGuillenM
adrianangel5
druida1313
SantiaIzquierdo
xopik_es
CiclismoBase
deceroafinisher
norisolis
AMADOLBA
Alnovakk
aliciacro1
fernaquiroga
MartaPol1
marjodumo
CorrerMeHa
XaviTrainer
sofiasturias
mountaindiana
rocky650
triatlonfamilia
mipefe
AnthonySahota
noeliiia8
tri4umadrid
davidmaurelle
juanelon76
juanmapip
CarbonoExpress
Picaisidro
OliverCorcoles
SBRstore
rawningphoto
AlbertCastells1
martinfabreg
Nonstop_es
RicardCesari
Nutriatlon
juantriatlon
PreventDeporte
daddybalboa
LinksportsInfo
cros_cros
Labestia3
solismataro
Adi_294
Mikistrikis1
clunabonachera
GermanNTP
kompoedu
gorcaman
Adrin10447576
fraanesteban
ManelMoralesFor
fsanchez1508
agredaso
NcbSkyRunner
SMiedosyASuenos
fransola87
Tr3SportPeople
lagartorunner
gmontis
txolo6
NizaBoys
albert_amador
physicbookendur
j0setrejo
dgarcian82
GIRONI75
manuearanda217
Sonwoku
Nacho_Paunero
gaceladeretiro
ironseca
Angel_Rodrigue
AlbBarrantes
pablosegura
DrSquare_Es
TraineeTrailRun
BarcelonaRuns
SushimoreGirona
CiclesAB
cseguralap
ivinmd
barbarajcrespo
Crossdiversitat
SergiGarcia_L
NuriaAlos
trihur77
_r4fun
raul3barreiro
CurcumaGirona
mujerenconsejos
Taymoryworld
DivinumGirona
AlexCiherean
JDominguezsan
bcntriathlon
fotlifort_
GranViaNit
AtilaSB
Raulsteve
yoanjer2
Mikirod06
eduardtcaldes
Zeusdiazcid
Tocados_Ohlala
algideri
trigord8
lifeforevents
jon_cinco
SantibamarNTP
thewija
polinesian79
esthernunez
JCALBUIXECH
nonamirona
go_miriam5
chesare101
experience100k
ActiveLanzarote
narcisdomingo
MTurisme
paucapell
COPINI_2000
monicatejeda
Pire70
CNJammatriatlo
e_Comunicacio
ps_vane
FranChicoSport
konnecta
carme_bl
viuet82
lacoste1969
flowbikes
entrenamiento
_Balfego
gildowtgexht2
setienesevende
JMVFdez
Daniriseu
maykelceli
ReinosaRunning
Romana40
Andreslledo
Karate1991
saracuest
SMEbarcelona
CorrerxBorriol
TriatlonMap
RebecaBubble
RunnerNovato
Runeteca
eolymp
veronicacofi
martaflorrick
todocarreras
fiateynocorras
JohnCBarrett
juanluatleta
solracued
v_alonso0
rolo_tomaso
DCollM
XipGroc
jordifarras
RubenOtero8
__jjff__
andrestri10
LaFundicioRest
corre1kmmas
lacalendula
TriathlonCamp13
CarliTerraPrat
humspecial
e_terradellas
JoRbOtUrGe
Edu_Rodellas
vriverop1964
triobsession
spiritugonzalez
CristinaRuiz99
mescub
Triatletidis
Im4nol
peppintor76
1Kmes
romanicextrem
Irontriax
isabelitapower
OinkC
Guille_IG
GPEvents_Green
itrainning
isaacduarte4
saraytorralba
botifarunner
trigordito
FornlaRosella
ximocliment
No_Corras_Solo
Eltrencacoll
funciona_cat
save_id
romplanas
BUBBLESgastro
Natxo_nirsu
joanNTP
edusl81
Carlesalberti
Victorrunning
FernanML
ECTriatlo
pere_marquina
HotelsAmbEncant
aitorpm
SoniaMuntane
jj_samso
CarolinaBouque
AitziSantos
Francis1899
silvia_siol25
Trienjoy
CarolineH2O
orisilver
kora8787
Patriciagn80
JoanPerea
Asier_GSTK
paredesironman
bcn23laura
LauraLamas88
infinitrihalf
ossetdepeluix
sportswebspain
Jeroni_Soler
xafantfang
herbsforlife99
david_barrera01
pawernawer
alex19tena
EvoluTRIonSB
marinatrail
Caste44
onvelocycling
nico_galvez
zombitopillo
roussantos
Baldosaquebaila
GaleriasGirona
LanArmstrong36
nuvolkintooon
DISGOL
EnkarterriTri
Ajimenezvera
Mer_Carmona
colombiaenfotos
jesmonar
RJRADIO1
cristipalmero
martmrm
Cbellesa_Naiara
jasman15
Nutri4Winners
RaulCasanas
ProvocaElCambio
hacerfotos
WTrainingBCN
AmaiaSoler
spaidospuntzero
Peopleandfitnes
digitalvalleyes
noteparesteam
ariasdxc
0815BBQ
javierdiazsalaz
ticforma
elyzabth_LeRzze
NAWJAME
RaulNTP
MySales4Life
FGrau
m_planas
1pedrolima
ZootSports
shoprepublic
GironaIn
ysJulioNWM
uriiiii_gomez
DAVIDPRIOR1978
EvaEstetica1
G83Barcelona
trimas9
elperiodico
MalditoDuende73
jes58542330
ll_terradellas
Rest_canBlanco
awegermann
TunaRaceBalfego
FashionUnitedES
v_crawley
22Karamo
Alx_ForEvents
svworldinfo
LauGarciaD
xsprt1975
luchiadragon
victor_cimadyn
cimadynamic
truendy
Garmin_Iberia
micronichosrent
gerardcgonzalez
JuanManuel_Rey
EPINOM
vivodeinternet
shrirangpathak
djmrside
Arnau85
LievenX
GoRandombyte
grupoalbis
SportZapatillas
SimonontheBeach
SandraOsuna2
Nikarenzzitta
silvaipv
Dinkneshh
NikkiLevy1
tonjaggffrisch
svilalta
MiriamBescos
Jens_10
edupa
threeatlong
boubabarrowd
tunfp
sogiluro
