Mrs_Gozzard
WHSCtraining
brianjackson288
JohnScime_W12
TrentLangdonNL
richard71862720
tuohem
AndresMusta
MissyH2014
MsNesbitt_
AnNaLin82621861
johnwat37614410
DrDionneDuncan
ETFO_OCEOTA
adwilkin79
NathanRCore
kedishaallen
cecchinadel
OrleansGourmet
Suemac43
TaylorMarchand6
therealzoeyroy
mllethomas1
LisaConway17
ShannonBrooks17
jenn_deans
ErinLPreston
BaysideBadger
MGreenWard3
CanadianCheri
love2learnlinds
CSCorganization
BarbBlasutti
AmyCoupal
infoseeker04
DageFellowship
Dave58935660
HeidiF42
JamesBa41023190
PattyGlasgow
TracieEdward
kingsleymalo
Coolteachsud
MelETFO
ashlee_teach
yolanda_bdacy
AliceTe3
William71125458
StittFeldHandy
wulfheidecker
susanga95348779
ygkjohnvince
fraser_janet
jules3stan
taylor_gunn
PreferredWeAre
CrystalSeager
BillHiscott4
ETFODurham
ElizKettle
MadameBassHWDSB
ShawnCrowell
1stViceScetf
ETFONiagara
EduMapApp
HWDSB_HR
PrinceH35986346
markdmacleod11
smithjosephmel1
denommepaul
janerobertsetfo
DejongeSusan
MLutterotti
genalfanders
Douglas56x
NRatwatte
amenandalleluia
ETFOHDECELocal
mcwalker64
Brown5Jackson
etfoproud
TaniaJKerr
AliasMsP
gweiler
writerKait
ClancyMichaela
GinetteGiroux21
CarltonPromo
LaurelLiddicoat
samisamuel544
SusanJim8
kfrimpongett
AvidReaderFaith
MariaVamvalis
WestTownLocke
1ananse
jenneill1
keddyi
safiasaleh11
jedibell
aprilelliott
hendricks_sammy
tmolouba
DMooreUG
lawlnan
YoungJonadil
SayItRem_04
KentungNanang
bestinpandas
lisaf1020
mrswookiee
ETFOAndrew
NickdeKoning2
picketthershey
MalcolmWatson3
nicmitch14
SupremeYard
bill_torrens
ECiardelli
misst0276
anncooketfo
VpkentSarah
OTIP_Insurance
ugetfo
feliciansamuel
milenasozioKW
CellRepairHam
originalapf
yolandabdacy
ETFOcb
CoryJudson
lalalalachica
Mr_Adeney
KitchenMagpie
MFowlerOshawa
Gailhbc
thehoffmobile
MrsEPreston
mamabearteach
Doug19501096
AncasterCommSer
WML_Kimberly
RSmolenaars
KarenBrownETFO
VickiPearce51
AnchorBar_CA
realtorgal111
ACMmysons
LianaHolm
OperationMaple
DerekWilsonLaw
3hlHamilton
hamilton_food
HwetlEtfo
Wax_Mannequin
mannyhwdsb
gemmazel
GooeyGundi
debiwells
Madelle10
magschung
Davejtdb
IAMETFOHalton
money2values
spagsmario
coulterfinance
tamclark150
HWOTL
missallanteach
Absinthe_Hamont
MelBiederman
DaveyLibrary
TrailsHamilton
EWGA_GHA
oshaw236
McHattie2014
hamiltonmain
Alex__Johnstone
matt_1966
qpwatcher
raisethehammer
HDLCPresident
jlillicrop
leonardmichelle
nancylmeehan
BrianMcHattie
AnnaJessup1
Andy_Lomnicki
gunner101
KoniorM
boyilis
LockeStBakery
hamfashionweek
Earth_to_Table
treehousepress
web6smarketing
RTActivities
WineShare36
MammothCaveRecs
vegetarianview
Quizzle
Honeybeesview
childrenlearnon
PocketwatchWine
DigitalUMedia
chiefswood
MrVente
Yordanov_Todor
Pam_Dogra
FirstGradeLori
kaycee_kay
LFerleyko
KWWalton
lindahaslett
Tamaramstein
DavidFrancey
uniongrrl
MichelleStasiuk
darla78
GSmith_
dlynntompkins
swaseem8
SusyLProsser
jdeq
thefuzzymethod
barefoot_babies
unionyouandme
Music_SteelCity
mrskatieobrien
School_Partners
merstarr
JobsHamilton
KoalaKids
ETFOeducators
Erik_Coverdale
cathiwdlittleto
ETFOelc
ONOptometrists
hamdoulagroup
rto_ero
axemanchris
GailVazOxlade
ehteach
mohawkadcontest
CitizenKidToys
pieceprehistory
RBGCanada
tea4tamara
ONeducation
hgtvcanada
WASSHamilton
down13
avivaloca
HamiltonSeen
HamiltonHistory
ThirstiesInc
labellevictoria
kjmangels
CafeAtTheMills
theluddite101
lonelyplanet
SuzyPere6995
wiredmom
Listoid
greentravel
thewatershaper
ErvinTraynor
