asdrubal3000
jessicalizama6
WendyLo14306074
RejonOrtega
JoaqunAntonioS1
gilbertrosado
yolerolero
PamSMcD
ABATWA_Oficial
la_munecona1
RodrigoBreil
Elisa01693774
OctavioTweet
DanyTchaikosvsk
Rosy_2502
FlaquitaMarquez
Rinofren
JOshe_wiX
DaniCardea1
rro_rejon
YeuxMarketing
lavandamerida
JavierR25461916
laufloria
enrique_cid
Mell_Narvaez
K_TOLEDANO
zan_elli
DeportesJimenez
agroalimentando
5Canul
tripdelibros
BilyAguilar
AlondraBarrio17
richquijada
capa_89
Dianitha_martnz
PunosAbajo
16_segura
Sombiejo
Rey644Maribel
jhavier_diaz
pollitoinvisib
VeritoAuri
CharlyT31143617
Josu43x
LaMama_da
PaoChavezGlez
gloriahaydee
a_vaylle
tecnico_dental
karlacri05
HypnosRoy
Uzumaki_Adam
israelexito
besenena
GustavoDeLaSer1
Ale_Bluee
amyeseymi
_doorsiana
Brunet_mart
jimmyaless55
cristal_01a
Yunuenmm
gatocarmenmiau
lpmc2505
lopeztania375
AsesorEjecutiv
ContactoCitibmx
alfonso74s
IvanPatron3
amigaslisto
Nykte
ElsyRamos13
MildredCasanov1
sexy_eyes_12
NacsRons
betaviajes
Feliz__Cumple
arianaburgos8
GabrielJQV1
InformativoMid
ActitudPole
RegalosMAREKI
KATANAHMUSIC
Yimy32949508
DanielRomeroM2
RefaccionesEBP
UaYucaman
chico_vazquez
AntoniaAguiar6
MartnSerranoRu1
jesuz1970
jonathanoshi
marysaortega
tereceh
MUNICIAPLISTA
sabido_mario
poleaholics
MonchoCaamal
Lumber_Match
Rulygyg
pulsogay
recorcholismc1
majoth03
perravergonia
SPMerida
XoolCarlos
El_Copywriter
GioVillalvazo
inesagutierrez
cafetalero_s
MoiraHadad
beardoholic
asantamaria74
fcervera16
plazagrandeyuc
GabyLima098
Anatoteles
FreelancerMx
rociOOlvera_
ludoxbatte51120
CTGconstructora
alberto19942140
KarlaCruzV
Mikeditorial
Capital_SA_Mid
paulpottsmusic
Gina_Gallegos82
AlexGA13
carop_dj
ProgresoHoy
piernacruzada
karlolavigne
nelvialp
casanov0
jesuscarvajalc
YUCATANALMINUTO
inutilator
DianelyA
VegetarianoFest
YucaEnLaRED
kike_sabido
novaeventosmid
makielectronic
mbaasf
mxpole
wendy9mc4g
MsMxFilantropia
figarte
figarte1
TaiSpa
andresromof
Bravedanco
jramiroMX
ceticmich
Lulael
rublass
IriangelZ
ideaz20
naturallvida
SrPapadzul
MecanicaTotalMX
entralemerida
lacabinamid
JAntonioOcampoO
IvnXicotencatl
TodoEcologismo
jpasos62
fundasIpadlaso
VigiaYucateco
Red2playTv
CarlosGuzmanPV
santanaasesores
diegouhbe
EnriQuekasMID
RenanBarrera
FanAmandaMiguel
RocknBrownie
JorgeAl86430871
AventurasViajes
RetroBurger_
JuliettVenus
XcaticRestauran
JoseGongora
citascelebr
ElNiplito
MarplayMID
JeMaLeon
ATTMxAyuda
MadonnnaDaily
wendylopez8352
SandyEC_
MaxiEventosBanq
sergiogrosjean
GuiaBienSer
malor32
mgilp70
CarWashLaPompa
hhhhhhassdsszaa
olevacosmetica
PennyGuau
AlejaCetina
Carolqnrbi
LoQuePublicas
UnYucatecoDice
adesiita_drina
DanielGranjaMX
fabrica_00
paternamexico
javierdiazmota
enVERDEser
Ecogranjero
ACPdelsureste
Gudelia123
Cenacsur
aleshammah
LaXpet
comediferente
arquiyuc
allpeim
Ecologia_Tierra
PentagonoMedia
mtcaes
AntonioPBallina
10consejospara
chinitoyuca
alexschirp
Josuecollin
el_yukaterko
100nat_yucatan
salamillab
Rossanacessex
grivero12
aldo_13molina
Yoda3_0
SNE_YUCATAN
AlexKastellanos
CaboNautica
Qpasaenyucatan
teterita8
mafer_meily
MeridaesCultura
gpoixtan
RUSSELLHGL
scarfacevictor
Snack_Niich
Erwincfe
juanzetina
tepatiketl
SM_NST1
Mr_Amarillo
emaldi07
AldoRomero30
daniela_pool
miri_mvr
FashionistaMID
EspadasP
MayacellMx
712Yuc
mujeryucateca
juanvzz
fabiolaea
martiinrdz
_MadeToLove
LuzLarregui
elChilamBalam
Chata_Camara
RenanBarreraC
AR_NA_EZ
TriptoFainus
stirttmerida
ja_ne_la
labrujacuchi
pquinteror
casslincass
MikelodeonB
SerendipityRoom
susanavallejodv
FansAstrid
Gabrielahercam
EduardoKrlin
ReneMatoss
OfficialManBout
Mi_Principito
ZAMNAVIER
taquitodepastor
Liita_03
scalybur52
michaellsolis
Javierbeltran69
calcetinesymas
GobYucatan
AddyMinu
itzatec
Charofernandezr
PGHR
HomeLessons
via_cerebro
Persianas_Laser
fa_co
TecnoSocialMx
berechimartiene
israelreyna
ColonicosMexico
FAMILIArizarte
CFEViajes
NecroXperia
DePanzazo
Yucas1963_1973
bienestamexico
BenjaminQue1
NotiRasa
mariorosadog
anabarrancog
karlahdz1
elderCocho
Follow_mynuts
yucatan_hoy
reporteroshoy
Alburesychistes
RevistaGYuc
MGonGQ
NEGROCHI
freyaros
NonTechChick
NoSeCantar
p_ingrid12
Alejandro_Lelo
SOY_HENRY
FedericoArreola
RoyCampos
Radar_G
MaxCota
MaggiReyes
ClaudiaEscamil4
CalinAvila
rosa0510
ionellg
YMOsvaldo
AleMena07
ecaminom
SoySergioC
GabrielMagana87
chepita_kktua
angelicarochala
sheerakaren
miriamrebolledo
adrianacaldero4
peggyfarelas
iguanizate
ana_ds62
gudeliaortiz
peliblog
metasiete
Marilu_pa
FSVH
gaboquinto70
MaluAlamilla
HugoBernal
Peline12
YucatanALaMano
pemr700125
ElRacun
adondeirMID
raquelillavilla
get_trendy
cinemex_merida
gran_noticia
Roseee_20
CCiudadano1
sistemex
LinatLinita
pattyrdgz
Aeromexico
arrrturinn
anavasquezc
claudiagarpal
arturofdzalcala
marisadaz
nostalgialatina
icasmx
jairmeza
Pamela__caldera
smilefaces8
Ivi_tweet
cp_rossy_1311
davidsandoval55
Telcel
cinesMID
Doctor_Compu
yucatequitos
IssaMendez
MIDFollowME
_IDEY_
yobipolar
viajaVolaris
PatoGalvn
jlpreciadob
alicia_mtzyuc
MirellGOrebaug
