I_CantAutori
albadam84
DesimoneMaura
FBasilephotoIm
Si30889422
doncamilloit
Stalling31L
aless_mot76
NeculinaMaftei
AggioCostruzio1
IciodaVerona
EmmolinaO
fedefrance76
Alfredo92654746
ColaFabio
jassitze
DiegoMo63276341
aleintro1
ultraboardgame
DeaLorienPeron
BravoReisen
mcclemclem78
Ricardocervie1
mattebalsamo1
MagnoniWalter
italien_ferien
antonioluongo68
CaleidoLounge
NolvdLinden
FedericamcVilla
GAVBranca
VFazzi
paolofosso
capoandreas
EleModa
themagus
pacarteri74
nataleschettini
MaxFuoriFuoco
Euforilla
santoclemenzi
robertoarleo
VillaFedericamc
AleCap18
mario_mix
MarcoPioTana
leggerocomeunap
ababordo
giuseppebertone
annalisasu
bencio
MarcoRognoni
chakrahrock
arrivanogliunni
