shamit_khemka
SynapseIndiaman
cristianchlope1
larrykim
danpanmanhandle
ammarmohdriyaz
ccarella
g333999g
aftabanwarr
Shivkum57023806
7ik771
jwegener
Willlhews
chicagodds
boazbk
chadfowler
chris_kerlakian
silverman
Meyerz84
all_looking
kartikshah
libovness
SFCEOs
huxwellff
Run_A_Relay
robgweston
DennisKoutoudis
msteib
XOGroupInc
Andreburk007
SunsetandBowery
rosannasobota
LondonWearables
ringleaderowsky
UIGStudio
tuhinbc
sarahlebovitz
pmorganbentley
SocialMediaSWFL
zaoyang
satoshiPL
cwayne758
sultanaakter0
neinna
AntrikshG
Joshua_Gutman
StevenLu
MerrillsAuto
KWuBrady
joinbenrevo
PieterEnslin1
mkopNY
abbynreiter
HBoxSolutions
PhoneVitamin
eldinheric
roxannebello
salesforce
CosmoMariano
VentureJakeF
fishmanalex
lrelay86
Limofly
careercodex
BoTreeTech
gad629
brian_intrepid
InformVisitors
PagnatoKarp
_apuchkov
DonateBigly
HeadlightVentur
ibirdsservices
kartcastle
BatteryWhatBatt
broadwaylab
heyrovercom
WebSummit
tangodolphin13
jacobmort
bloodntreasure
lakmalosophy
realjatkinson
TenergyCorpora1
easytweetyuk
maliksara96
salmanaslam25
clustox
Harshal_Mehra
Emalfarb
PatPalaceLATAM
iamyerokhin
PJLpurple
AnnaGnatyuk
oleksiimdr
CapriGalaska
CurrentPaymentS
TylerTwin06
Sensationalcle2
aveepea
DreamTeamDrive
abbydouhappy
RentSeeker
adenatfriedman
jpatricof
Sk_dub
Trevorasay
RileySoward
zoofer
CrowdQast
Mark_Cerritelli
IlyaNovod
CloudTaskLLC
mdagabriele
AravinthUSA
DL_Day
makergoals
dpetersson
petesmithy
milindvm
_Morris_Arthur
DNFriedman
StephanieBannos
StephenSoward
wealthonthego
saswat_sahu
NestinyRox
samuelzanitti9
anywork247
VirgoBC
RinconExodoGall
waleajani
taxivietnam123
lizzylfriedman
hickorytraining
LolasStudio
NickKebel
hellalottabytes
LPK7_Websites
CRAZYLEE4LIFE
cannab777
saljim1
christinajoann9
DWR007
roomrhq
newscloud_io
de_bocaenboca
tbtdao
215javy215
ChickTechNYC
Tidyupnyc
Crb200067
ingridod
appear_in
TaffyApp
EthanMandelup
koimtv
sap_julian
onflamingo
ujungjang
AJDomian
timzhangbu
lyft
SwitchVault
paylinedatane1
LeeDrucker
LizzyOnStartups
MillieGenny
ScottSemartn
PoddoNeel
RichardCornett
CyrusDsgnBuild
OptimizeApp
brownmarcus2
JackyDeForte
LawGo_
Cflexman
bxh_io
cmhchen
yazzibrahim
HealforFreeFilm
JPruess
BeccaConviser
DanielSFlynn
Leaseagram
SupplyDanmark
JackMcCloy
srsio
cccelonvvv1955
wetanked
Wearabletecshow
ProsperSee
theblackbk
RG_XiaoWu
AppAnalyticsio
Thinkbiggerr
qety16
CrowdTwist
PirroCristi
ed9b86e944d94ad
HyperTV_US
Smartcrowdfund
RupKatie
YukiTorii_
leakology
DanielleLevFish
JadeNYC
310Cortado
TheAspiringLife
OMNCEO
blixt
CameroncaseyTV
caldie
coqcotcodek
Corinna_F
Np_bartlett
planted
TechBrunchNYC
b8b87ef5a9b0454
CrowdTAngels
0ea9e1a81f4a42b
DanMilanoHere
markus_turunen
salsabeela
rajshantanu
ClementDelangue
OmarRoquet
Tekserve
EmergingMediaPR
CendanaCapital
RobGee
LILBTHEBASEDGOD
fitnessnworkout
WayraUK
ProSHIH
MeanwhileMedia
Yasser_alyy
Najialhadidi
candyperfumeboy
relaxgetrich
revo_wisnu
adoom27
Evan_Armbrister
Scoopydo59
Helen_Marks
KhateebAfeef
adriancb
jessbreda
GreatViolinists
veeodemchuk
SurajKapoor
peaceplanetinc
crosmarcholding
dayinlasvegas
Hadley
BrandSlip
wesleybarrow
witheiler
ForeheadTech
Larrybales30
Boldstartvc
darbison
AnneBruns01
cruxmj
Silver_AdrianF
WeWorkNY
BrandonRigoli
PF_creative
alyseborkan
CleverKev6
werdelin
nyamory
candylabsHQ
ljdk
rno
Josh_Goldstein
CBiographic
Robert_Brazell
DppdPio
MakeSpace
alyssapettinato
flirtylooker4
iureee
audiosnatch
iOSoho
maxstoller
AmdurRick
chhhaarrr
SEO_HoustonWeb
Cutiekathy718
amorgy
MissKennedyW
lukethomas14
DianaKozikova
akopec
bobgreenlees
JulioArmijos
ttayl0r
DottAnd
daniarps
THE_REAL_MOOT
jdeppeparker
WynnEmily
agnimax
NamutebiBridget
harthormza
AkshatLA
AseelShukr
benjablankb
rubeldey1111
JoshMaher
sarahkasay
SaschaWW
Peresvet31
applebottom911
nikitadodani
mindfreshco
coadamchristian
typ4000
HunterGildin
Mill_All
shibanrah
all_set_jet
James12393
vinayganti
miguel_sturla
michaelnovakjr
aes1629
DrWolanin
EliasEldabbagh
denizaydemir
luke_herman
MattHartman
marina69393
esanders
Mosaic_Ad
vipingoyal
FonogramApp
AnggunPujiRaha4
ElectricObjects
luckybourgeois
jessicamusicus
teddy777
TheConfidentDog
caragargano
KalaMana
brad_ellis
Famel7
Braundaug
elle0789
alansfaulkner
metaprinter
nduli_nduli
ryanpweber
abowadah29
nils_westerlund
david_l991
gardencove
BobMiller1980
ykse69
linkh1
TeresaLChin
GinaMetzler
quire
wiredgoosebumps
salenacaseyy
b4rt0s1k
LILAKLife
LaurenceWattrus
Scofalicious
ManuelLopezS
JWCogman
meetsamir
cassidywill
gianna212
Chr1s0
lpmo
andresblank
dongxuankim
tanujparikh
emilypriddy
ShellaPriyanka
EngWsws
bk_cox
dfliss
CloonanJ
jacksonvogel88
JLNY
SharonCHarper
blackweta
maxwyatt
mikeciulis
seevl
vishaljangid
TMac_44
WelkeMark
jamiedavidson
olivialy
YFSDonte
rachelmetz
annatamburini
AlleyWatch
JHabiyaremye
edsim
BazookaWww
embleapp
wegile_talk
TaylorGreene
MotionPromos
ericbogs
Indialandwaters
s0phinie
dafrankel
chainboundband
davidlee
khurrambutt092
mattrestivo
micahjay1
mlbernstein19
munves
bcshook
cindylaning
dougimbruce
Sager
prose
JustinBelmont
TheAfter
mmadrav
rsarver
whitmorg
tsmchristian
Vectoriel
berntm
charu1603
jamesagardner
jvannistelrooy
sfgirl7815
Scobleizer
LaurenGoode
crawford_1808
neatt_me
alexferrara
lin_weijun
jonathanchudson
MODBROKIM
MichaelJarugski
swalsh_walsh
BlzFrstorm
polldenex
bmelchior
epaley
beaugunderson
fluxintime
Nervo
knittingpiece
rgriffin
alex2pt0
cheneytsai
kcastelle
aporemski
Griffopolis
patmatthews
KKaty2002
SKBSoftwareNet
DeanCooney
Nathanogle22
lexilewtan
Bluedraon85
daveedfast
JIMDTwitt
DebStaiger1
CDPortland
adrianameri
enWhiteBalance
yyaammaa
MixMastaKing
MichaelMatope
UrbanBuddy
bruhchitolina
ToddGailun
BCerquera
_bryanxu
lbsweek
AshleyGildin
sarasef7
StolenHandle
AJOrtizpr
vral
vorobv
judygibbons
af
wdoubleo
mdervin
draskodraskovic
cklemke
CarlosCarbonell
comeBuild
MetroCityClubJR
davidjrodriguez
erickschonfeld
meganliberman
crunchbase
spencerque
shansell
mLabsCo
LPKess
grosen
TweetHoffmans
sarahtavel
_JamesAlton
kfalter
Aleshiaxlg
aplural
blader
adamnisbet
efader
VGCUnlimited
melissapennpost
Rmelogy
joshhix
ericaswallow
chirppoint
Pharmly
angkhanna
AnthonyMarnell
twirus_colombia
psauer
SysDisrupt
FutureHunting
GreatestPitch
ryaneshea
blend_app
PistolBlane
cxoeurope
JustinProminic
bott_co
AnnMontgom
AnnaLi_Sigun
zackfreedman
readingsFTW
MyKordl
GotTheJitters
JTaborPierce
NortonOnline
oscercat
AnawaltMiss
LV_Careers
christox
TheRajSethi
BelakRahwan
eugmit
MattMonday
StefAsia
LaurenPapaleo
baggelopoulos
Hardbyte
benjiwheeler
vintage1ofakind
Pebble
GiovanniDuctan
lima01
iCapGroup
sir
HATCHpitch
memoir
ericajoans
giffco
HeatherPark
tobyhervey
fokscom
nysh28
bkappfactory
weeyoung
Cauzly
noldzsanchez
StartupSense
FounderWisdom
Iamkumbirai
wtd
MichaelMontero
savvas
BCliftonG
newmanea
antonantich
nkorzenko
TISTotes
domainME
jmnavarro
Dumplr
MarlinaKZ
luxfemmemail
jennadrapkin
HA_CK_ER
Bianca_johnsuk
camdez
LuckyJo27
smart
lukedupont
rwaynick
ShaunHester
saadjabrane
logentries
DobsonLizy
LererHippeau
jayeshgopalan
joeljrod
juwonanthony
TwistPics
SegafredoNYC
matthewkrawse
RunMobile
calc
iask_team
paulbz
AntreprenorCo
TrulySebastian
JoeDColeman
okvivi
kanes
aslives
mcmurrak
WalterOlkowski
andrewjsman
QuillsterTales
SiyaloK
tripathy25
ocg3
bmcoffey
KaitVillanova
BradPurdy
linhkhanhcam
JayRelay
ReactorSg
holla_dammy
lkshakya
SomethinWilder
nhatty_nobrega
markraheja
jakeseip
AliJjunju
ZelkovaVC
JoseNFranklin
pawel_lekki
tagrocketnfc
za_hiyo
CarlS_Freeman
Robert_Franko
frederickcook
BrendanMJCoffey
JoseShaver
jordandobson
BestITNews
ASAPNewYork
unlimiteddata12
brittingham
LearnbytheLake
AlexRojasLDA
dweinblatt
drkjpayne
Chris4Tokyo
corywilliams
LucianaVecchi
Ajeepan
VivCully
th3miked
DigitalWoman
berisso42
SMWBOG
MmePunkhausen
joelabraham
PulsoConf
meylhaprincess
mattsena
kstar
PitchShark
nextbigproduct
HitDesigns
JtheGrrr
wearepixelhub
mohak
lilliesmidtown
FreelancePerH
svive
CristinaAlesci
SabeoRecruit
trailhitch
5248652486
AndrewDumont
LindseyNagy
NagyVentures
Kvanderark
2Torchbearers
espaozen1
malcolmong
agbs
grouptalent
JoelRGoldman
MKeoniDeFranco
arabesquenyc
barbesnewyork
stevenvanwel
robertgaal
Start_Ahead
rodfeuer
Manveeno
colinraney
markgmn
milestone_group
taurus5solucoes
jaltucher
RawRipeDesign
kkosz
SacredGeoInt
Tech_London
rishj
motleygreen
mcstutterfish
futuresogreen
GillianBarry
firdausifahad
Lean_BayArea
Lukchay
mixytv
loricheeknyc
fiene
GreggCochran
HunterHallme
richbennny
JasonGelman
scottkurland
EtheloDemocracy
dolphinman03
EFulwiler
maroulis
rickwatson
ChartRequest
DavidManlove
garrygolden
cbazett
jayboyhere
harosqwmtzs3
workforfood
FlyKid_11
Travel_tourVN
aschutzy
adeolonoh
LoureiroRichard
nchirls
nrkdz
chraynaud
mariewiltz
deepenparikh
JPAmolat
TaisunY
Mobicizeme
jamielynnroth
digitalbrown
justsalad
gyroville
CrowdAsia
leanjungle
NaonneN
LewisDissinger5
khanlepi
nyccfo
tashnosh
draco_s_cory
_8186983573901
rukusphil
mehaines99
seoette
howtoearncash1
JonahLupton
amonimuaos
LeanATX
SoftwareIT
sfcdteam
elleryst
HungryGrace
joenewstester
HammerBridge
dougjchambers
LeanStartIN
goalspal
DCarves
iETSolutions
Enstitute
ABerg23
bintabr
BornNinja
trustedteam
jteplitz
DanielleMorrill
GoHealthHero
_ajduke
jfccohen
ererciyes
ljkyser
Bottom2thatop
venmo
glennkristin
TDeLucs
missysiegs
brianakaka
francosama
wires_crossed
julianpalei
chipwave
DouglasNiemann
rachmew
MBthatch88
bikespoke
TelariaVideo
rcremebrulee
angheli
theroverapp
fzussa
Mary_Quandt
AmexBusiness
ordavies33
wonderwall_1
MatthewJCoffman
wbatson
YSOYSorg
richardfye
talltodd65
eYeks
good_cry
rashaunps
AkiK
elizabethhuston
McKenson71
JohnAcland
BYDNetwork
acfou
imrankk
TheAptTeam
PhilLaplante
mimulta
seats
timehop
boomshiddang
ssoomal
Haggable
Cammiehie
thoughtpunch
ClioAwards
StephaneLevy
mediaman1125
parkm2000
JessicaMcClarty
lalleclausen
emfordhahn
jeremylichtman
khairulrusydi
jillroyston
SaraJChipps
taeakhatun
ServeMadho
pedrohinga
mlevchin
alexisohanian
Oz03
WesDearborn
andrewoved
beickstaedt
mr_hsiao_chen
cacklechronicle
xadam
felixbaraquiel
venturestudio
hankenc
DL_Anthony
fondu
jacdi
mileslennon
jonslimak
paullonsford
tristanmirasol
r4vi
nmelo
germcdonald
ksimm
JHowellesq
reinards
robotvsbear
pedro
phtaminiau
TatiMobile
LisaMabrySpeaks
shiyos
fushaeast
rrpichardo
digitalmcgrath
10XGough
willwashburn
shellsluvoar
TM310
MiriamShanny
JRStockmarr
ER1CHK1M
ivanoats
danielbru
ryanstuczynski
UmairMoheet
_adnan_khan
t56375
jseiden
qdecock
rayschmitz
jjinyc
nickgiglia
silviojr
MarkQuimby
DavidRostan
scoreio
Gamefaceapp
msegal3
AdamGering
RezScore
vinaym
BudgetStartups
TimRoche
equartey
belasco
sue_anne
mbj
Khaliqgant
RecoVend
projectgreeting
unachindian
CorporatestayAp
francium
WickyMdoza
launchsoup
Hoins
siobhanquinn
NathanGSuh
menaikay
Techcelerate
manojranaweera
fakedavetisch
crescendowealth
apurva212
femmebot
G_MBabu
pnblackwell
johanforumn
outovate
leanimprovement
mikeotm
LocalBonus
LarryRubin
DundatBlog
pablocorral
xerxrex
emogil
YoungFaceSmilin
kennyma
heyyoufollowus
oburt
rbpasker
BenJohnstonSF
askhammer
trmataya
kbernhardjr
brentgrinna
MarisBerkis
jaggs83
robertwbrown
SuizoServes
andreahong
patrickohearn
no_e_bro
GeoffreyWeg
ndpool
PetertheGreat
RhonLee
abmendez
mtippett
rhhutchens
dibau_naum_h
blogbrevity
libbybrittain
3DSCornell
Dave_Kelley
raesmaa
getmycare
zsims
HeyItsMinic
Taiwanosaurus
DickAnthonyLtd
George_Haines
IGrabill
sokirill
KDBask
gregnyc12345
photocg
gabemcmillan
AricVinacke
AdamSirois
KoolCo
jaredbranum
steve_roettger
branderbull
Gingerpuff21
jessebeyroutey
amardpatel
harrisonandstar
Optimizable
ZebTracy
idealexit
DomainerPal
leadershipmuse
jmover
dan_herman
CuratedJoe
milesgrimshaw
briansowards
dominicdimarco
newsdotme
simonlawrence25
carenmaio
jon_castillo
trevormcleod
SkyRank
ClintonWu
HollyClarke
mrahmey
biotrepreneur
derekdahmer
cchu
markfern
exfatkid
aaronfoss
JeremyGoldlist
VS
siderakis
MagicBeanApp
Jschonhaut
Matt__Chambers
LukeLucas6
JasonLBaptiste
malcolmgo
TheAngelator
dougcress
marionrtnbrito
jenniferrector
mattminoff
bawigga
mywarriors
Uconfidential
badboyboyce
internzero
TheTargeting
indianalestai
ebellity
shon_elysees
TFTBusiness
jrlevine
mikeocool
JDub528
lyonsv
Jersey_Prints
jeremy2277
basker
ckurdziel
joeyevoli
Susanl413
hellofax
BlueprintSummit
DJ_FASTech
SurefireMedia
brianmccurtis
wesleyzhao
danshipper
emilykhickey
NoelleRainone
mbafana
QPACHECO
CardFlick
raisecache
birdman
hotmesstess
3forward
msinia
Alpsgm
TechweekInc
davetisch
Whatis9
toniojj
Lindroos
Raygorodsky
ryancarson
AnnaLindow
DigitalMkg
ilovecpstyle
avimuchnick
jehangirirani
omosanzalette
kareemamin
nickschwab
briansny
twilio
joselleho
harris
DKrecruit
chrisboardman
tchris555
AmitAvner
mlevy23
shousri
qelwah
GaryBaddeley
hschancellor
petwebdesigner
neilyadig
aweissman
marcweiss
BusinessIdea99
Shelby
I_am_Halloran
scottroen
yuphamuida
mg
rohittal
nicolaslirette
carloscabanero
startstorms
timesoftexas
rgandhi10
SPCOmemphis
Jiwaxx
bradjwise
bphealth
okaysee
cpaik
jocelynspiel
topilarity
JerLevine
immersivelabs
getSpotOn
verinicabo
johndbritton
protoplazm
birsic
dinda_ferly
jonbischke
cbirn
JAMESbabes4
popux
tim_katt
ifain
skinnyandbald
aaroneden
nestio
GSmartServices
edufernandez
Pv
bdotdub
mattRaoul
redroverhq
ChangeTheRatio
keithbnowak
joshknowles
sztul
jodooshi
camwest
mattturck
fernandosunrise
spolsky
rachelsklar
reece
melanie_io
rbeccazhou
softwaregravy
jason_sosa
AdamRothenberg
bethferreira
SpreadYourName
amcjen
andresbarreto
lsabeth3
tobal011
drbillnye
gingerale
Almeda2983
Fraser
gauri
stevecheney
bnwolff
kprentiss
thanksandco
Dewey53c
Leasely
benrombaoa
steelerz66
MichaelTRingC
gaganbiyani
SlipperyBanana
jeffbodle
jjmhicks
timgifford
GHGroup
Kristazza
bill_starr
startrek88
scottyrubes
BostInno
ChrisRodemeyer
etjohnstone
pdschwartz
ericschwartzman
JuliaCarolineD
HoseaWeissinger
mark_bove
shawnkolodny
Bloggertronix
BenJisa
tatianabrando
modbelismo
RAF3838
hamzen
BudreikaD
SafeGuard_BGS
itsuptoallofus
lingonberry
thegoleffect
Falmarie
Chloehjlkuj7
emma9848
LaceyLaLav4
startupcoach
CorkShare
certifiablyzend
MosheMort
mybizglobal
jonjaroker
daveconcannon
cupomud
Simon_Jochim
mikediliberto
livalie
O_Taylor
dubium1
InezLowery906
johnmccarthy
theschnaz
SeanEllis
kathaddon
kimokonolove
maniksingh
tvepisodesdaily
QueenGibbs307
BatteryBay
ArleenMoses830
Horne_65
Cunningham_410
WinnifredEfstra
TerrieHogan121
GrooveMaps
SAPTechEd
tkeens
hazemtorab
kareemk
searchingconver
juliepens
jameywah
Ironyx
melg26
EricFriedman
RalphBernardo
reprak
madmimi
elanamay
hnshah
brantcooper
yukimi1
PopMech
TriggerNews
SarahMariePaper
icojones
MarijuanaSMC
myderrick
ebloch
sammykoths
D_Reese73
I_Am_The_Bird
davelerner
clarahistory
DebtCredit
TannerPowell
Grasshopper
Midas2009
elainekim
Ange_Kim
twitstreet
KennyBerlin
velvetcupcake
amosticus
fernholz
pacmime
nhod
futurediamond
metroclass
j053dream
internetgold
GradToGreat
joshviney
1million1year
Yeraze
funengine
eStreetStocks
muttonhead1
Basti
kaitlinbooher
Ali_A_Gonzalez
SweetnessTweets
Alexish11
cryptoworld
UN_Me
joshlam
TheMikeGilberg
AynRandInst
arthurwlane
stevegarfield
dojimaster
juliandarley
pquartarolo
donlemon
askDennisPaul
DayTradersForum
ScottAguiar
hootsuite
T_witterio
Rod_Schecter
lenergiesolaire
MCHammer
jeffpulver
stephenfry
myimer
wurbble
matthew_daniels
DaveBuildsLinks
toast57
shawndhoffman
Micro_Cap_Pulse
bocabob
twiticker
MSProfit
finkel
StockTwits
Abbey28z
mgroff
briantobal
