dominus234
navarralanparty
jgarcisant
ScieChain
LuEdArAp
mueblessaskia
jesusgalindomtz
administratie_k
OA2informatica
fgaitero
sbonet
ElOtroYo1956
murivalen
joseonatemora
moodlablife
iecay
asolana
irene_reportera
Artzain
FundicionObrera
CuevaDeLaGarma
lmmsocialmedia
Telcosl
Jpa97763115
iEuskadi
InigoLarrainzar
elkin_carrera
Kroos_ES
COROGOMEZBAQUED
DragoonTW
jamu1510
VictorVidalTW
PedroLuisSurez1
paul_lora
_navarrajobs
JorgeNagoreF
cabina14
Pello_Gamez
kapapai
InnovactionWeek
ogiga
DIIS_UZ
ThePregonero
desidedatum
AnaGalindo_
AngelAltozano
somosoneteam
jlmorras
TXORRIS
MarianAlcazarFB
agora_voting
goroji
sherpapersonal
BibianValderra2
leticia_2711
asmiran13
armonia_ei
bmt19883
IAAPJunta
nuriaparamo
carazomauricio
FIRMAPRO
axelopez72
yaamii23
er_ibai
CultureBulgare
TelekosEuskadi
crecento
elvirahuarte
UnaiArdoii
tdt1
MayteOrtin
guifimca
CiaurrizLeyre
EnriqueFerrero3
ikerrubioruiz
martinnets
amadorfn
ignasicomellas
juanantoniotej4
eagleinformatic
uzigeswi2012
benjami
zentrumsport
FranMoreiraDt
APMG_Abogados
csaccavino
j_graug
dybuxitenog
AkrosTraining
javarteaga
ColInvst4
JuanCMejiaLlano
realhiko
MATrabado
airbnb_dcto
MejorDelMercado
ANDSSXXI
jlorenzo14
AmaliaLopezAcer
AnaZoroquiain
congresonovagob
coitta_aagit
TratamientoHerp
teresitasm_evil
yneeds_news
Estertroquel59
OnlineGestoria
INNOVAticiascom
gema_espinel
Conasa_es
Nae_es
Merchi7
rodriguezhernan
ejnlp79
ComputingBPS
iecisa
elcielomusic
claptondos
DoxaIS
EUinmyRegion
rubiopil
talaia_openppm
monchoaguinaga
JMLatasa
educaCNIIE
cynti86
alegriamuda
maxdebastos
enekoabu13
fantobook
AlcazarLabs
Proceedit
UNIREDasoc
sifortic
EstellaTurismo
AELIT_Esp
RSCLICK_ES
Isabel_DCD2013
cateterdoblej
chechital
BarLaGranja
XaimeRial
FernandoEgidoB
pinformatico
deAyanz
RRPPCASUAL
yikefeng
Foroemprastur
AlbertoDelgadoG
RamReyRuiz
lperezmanzanera
Imeanticipa
AngelLuisdelRio
Glandalu7
MateosToni
sofia_belles
NavarraCapital
soyelquesoy15
Carmi_Lamar
marilunaonieva1
drasoria118
CallerNutricion
Embeblue
jome651
_grupoal
peluqueria_JA
SUMAROS
Teicoworld
wrReneSarmiento
javierarmentia
nataliagarciam
Rebeca_SM
AlvaroSedanoGar
isidrougarte
Eldineronocae
Dany1Moreno
amiersmith100
certificacionpm
DjMarianela
borja_robledo
RobertoReyG
alberto_iLUNE
marcar6927
davidpacheco84
vmizquierdo
Lex_Cons
JUANOLAGUE
manuelguisande
Canal_Ayto
TeoCayetano
jmarandigoyen
mavichina
Pol_Sociales
TecnanNanomat
t14Coworking
_Redlines_
TransparenteGob
Mazaguaritox
JoseManuelR
sturmtruppen72
enrikito_debure
CursosVMware
LibreriaCabad
jlpujol
JJMyR
AEITCan
perpetuco
frenopatico
Barirunazarra
jeimis_96
adjudicacionTIC
LauraSanSol
mikebelindo
AlbertoLuque5
MiguelRamosFdz
IDential_Global
pgatoa
luisbarbado
tom_tel
NizaBAR
EnnioFattiboni
migueld_add4u
ja15312
partido_pirata
pablowksy
dseedagency
JavierTrias
Xacom_
OscarMtzTorre
novagob
Iso_B
navarracultural
sarasuarez2013
YOU_MEDIA
AIN_Navarra
rafaelito_p
FundacionCRANA
FundEuropea
Blueroadworld
enmonter
Gestorespublico
aranzazu5
MariAngeles187
Visio_es
GrupoICA
ediazpuente
AmbrosRL
A_Aretxabala
NewSammyBar
asteresa
sandralomas
ClinicaJAlvarez
telecomkh
Positiviza1
SmartCld
imkilab
mlAgurruzaMutu
residenzia1
Transluzido
jjiinnES
kideoo
LaSacristana
CovaRomero
Rosmerii_
LadyLulIaby
itziar_inza
MtezJavier
ATEC_TW
veromezkiriz
jmcorrero
Vallasoledades
PixirSistemas
transticnet
OriciosServiceJ
AinaraSU
favourbaby7
puyslas
LolapdePrado
mcarrascoga
andagoempleados
jbrieba
ohbcn2013
AAPP_Digitales
andrearguezR
latiradeoroz
daniel_tmc_
ForSM1
InglesNavarra
elvecinodeUxue
IrusaFord
isifraile
mgdelpozuelo
cisco_spain
CIPPublico
vmware_es
CulturAsia
XPVS
JophielClass
FEDECA1
diegoalsan
miguelgonzalo
Alberto_Adones
Martitalorenzo
ValMon_Grupo
Innella_M_A
MOGRAV_TW
Javiandueza
lagipsy
jlacunza
AtienzaCristina
jazubica
ActualiaEd
mgilgallo
Almtnez
AlfonDeLerin
aibapas
CIDIES1
lapre
RefineryLATAM
FranquiciasNews
jazubicar
NubisPartners
iosurecal
SpotyNow
Autelsi
patxicelaya
yeleniacedeo
mranera
snunsan
mipractik
LoremSolutions
amaya_villa
Chafreargentina
ConsorcioEder
Pegip_eus
WeGov_project
jorgesarasola
eartiles
carlosgraciaa
carlosezponda
inesesparza
nckrueger
Lucia_E
TeseradH
SOlcoz
Sercable
CTapasta
mtnrz
gerardocr73
Vale_Elizondo
_Nuria_L
everis
Quomai_es
GuzmanGarmendia
_ASTIC
TalaveraMaria
jvangulo
soblechero
Tigloo_IT
ltausejo
rizosbill
Informe_eEspana
Matrajosel
EGA_livetech
Mikel_Mkt
joseanss
Elenapeba
alorza
LoboWerewolf
Family_Park
BMG_News
ikyvelaz
PadreRemigio
Emiolin
NavarraGo
Tecnocom
SilviaGongo
nadieesunaisla
FundacionDedalo
mjmarzal
dipina
cabralens
Lurquizu
SaizElma
jonsalaberri
EADTrust
araltaberna
Leiremendi
KikeUriarte
datospublicos
gpssenado
jestlop
FansJohnBoy
ZoonSuite
CIONET_Spain
GAYOFO
ipina
mxinformate
AngelicaLiGo
I_Cilveti
todacultura
GabiMichotta
NASERTIC
SolitaIntenta
DigiCardsES
Maquetitas
antonimanchado
RoberCamara
Anuska72
bonoburgos
MuseoEncierro
IntegraTW
GonzaloGFG
jbayon
ordenyarte
circularcat
TicAngelR
SanFerminStore
neocivis
RicardoTanco
jlorenteperez
casabelastegui
yolandav67
Atana_TIC
cidet_uiet
modomenech
paideiand
rapunceloide
truesaeta
InmaSRamos
snsalud_na
fbonetab
goteofunding
romandbr
mho_tw
massknow
JPaternain
atecna
fundacioneveris
ecapfri
elfuncionarioes
Revista_ByteTI
RutiMP
Diego_Bujanda
derechodelastic
GrupoVASS
viajero991
Microfides
imatematicas
pintxoj
mpfernando
jmlaspalas
silpico
jsalinaswork
educacion_na
notemates
joxanv
CalaBalear
austarroz
adriangallard11
Paulaskas
penteoanalyst
evacolladoduran
josep1grau
AngGARRiDO
AlfredoDiezNews
3etrade
AntonioNavar
aitsangue
DtosPamplona
carlos2mar
Seatwave_ES
platoniq
kuo77
TaroULL
JavierBoneta
SalvorCte
NoemiTIC
Dario_Nasiff
biitmusic
Rumari23
OTAE_Bit
Miscelanea_
Raquelespaciorh
AnaMariLerga
moisesvs
Geobide
rafaelchamorro
paimelo
angelarellano
J_Lizk
Happen_Inn
villaves456
Egolaur
ahrenner
andres_garde
SolerGomis
miusica
Juancho_Cabrera
alexfernandezm
nlinksl
redintxo
iniciador_NAV
Pat_GG
EOIPIHEO
JuanjoMartinezP
Eduardo_Jerico
AnaYerro
fdepablom
rubenbados
TurismoNavarra
carlosoberon
papelesdeinteli
natclean
inesfase
mikel_benito
javierlatasa
Edi_Jerico
menendez_jesus
RedesSocialesSL
tonofer5
benjaminarodrig
2FastEdi
dmbatanero
inaki_agirre
villaves56
ManuelLopezGo
joseandrestwitt
EUNATE_ASOC
Mberoiz
E_Perez_Moracho
_MULTIMAGEN
navarparty
cocoworking
antoniolorenzo
alfaro_alberto
MariajeGamboaZ
lourdesmunoz
mferragut
AlayuDaunty
leirecisneros
amurufra
Flamerich
ParlamentoNav20
fmzzmforte
robertoGurb
amaeli2
cartwitgo
viturrion
ValentinoAdolfo
UnaiGarbisu
falfarod
Amaya_Erro
AlvaroGorostizu
jlyanguas
ameelizalde
amalioe
beblasco
inesucaaa
agarciapoyo
Alma_Pamplona
matisgeldi
Marta_Borruel
jarranzs
rdornoch
julianinza
Carlos_Ariza_Co
ContratameYGana
quomai
EUtrafico
buffer
spertegaz
fontanon
mamiesp
sanferbeer
alfonsozurita
pmontare
CruzCoaching
egarciagarcia
tweetometro
jmpazosg
Licitaciones_es
jcampanillas
andresnin
Luis_BitsCents
marcosgcm
ZasMartinez
manolodd
andermunoz
eva_it
asaraviag
RotuloyMetalNA
likiniano
Sturmman
galan26
carmen_vronze
opendatagarage
fmancinirt
copyma
LauraHualde
becaemprendedor
rigamarti
SilQue2011
publi_es
reactivaccion
Ambros_Liceaga
metaposta
dnlsunny
JuanMartinez
juanjosesangar
NahikariSanchez
LetsSSebastian
governobert
RiojaDigital
OsabaAlfa
JosetxoZugaldia
pamplonacentro
batisterodrigo
joaquinaguinaga
inakizar
foralquiz
jluisgarciam
microlopez
sororod
autoritas
Equanum
fran_hidalgo
Mertxe_Beriain
JosepMCalaf
OskarEchavarri
fbeltranb
gonijon
Nfactori
eNATECH
pjescudero
diegopanos
la_morea
josemalonso
GREGARIODELUXE
bhagna
EnriquedeMulder
kikesahun
IgnacioAramen
LincPublicidad
opendatacat
platasa
Nava_Red
orlando_murias
imc2_0
ilarraya
ochoto
mayescobar
ikoem
EquipoGNOSS
feridesfer
luiscalata
mgarrigap
Itziar2502
andonigarcia
CaraOcultaLuna
aliasingtemp
maria_caballero
patxangas
carlosiglesias
gholmos
javycc
marsanaro
INAP_ES
AntonioDomingo
Soc_Info
bingbangpum
jruzo
Palezaun
huesclick
jmsip2000
Txintxuss
yolandika5
gafasdenover
sindrome_UP
AmedeoM
iniciador_CANT
itecam_CT
arturodelburgo
lisboncouncil
vortal_es
jokinsanz
fjaviermartinez
oalonsollombart
alabarga
MeriGoeList
anetpuntoes
FerminJAlonso
mediotic
Viajesuniversit
puytri
fernandoferrer
spotichart
jmizcue
Anqui_
iusufr
nuriazoroza
DBayonEsporrin
inakioroz
AgoraTalentia
Ely_LaFuente
RIrisarri
jicenoz
iniciativafocus
ajimeno
gomezdelpozuelo
jiribas
Irunsheme
dianagonzalez
Enneko
xtarres
iniciativaenred
opendataeuskadi
lorelolita
DramirezA
merisu
jordigraells
gestionpublicav
vvisairasb
biko2
ECEQUIEL_
nescud
CRISTINARONCAL
EspirituNASF
ricardo_ahumada
CFVal
feren3d
rafa_aguilera
SocialBlaBla
marietabeun
ilazcoz
eduardovalencia
Fbiurrun
balapiaka
soyfuncionario
HootsuiteES
adejetec
tbernad
JavierTrigo
ErJimi
desayunoscon
perezmanzanera
wila_
BMjolner
rodrizar
datosgob
sonesu
mverajanin
dluquin
cuentoalavista
sebasmuriel
leonardpera
gencat
redfederaldecap
aapp_softwLibre
mitinman
TeresaNagore
Irekia
marianoOTO
aayesa
ncampos
opengov_cv
ifilosofia
bgonia
carlosdlfuente
victurs
tatai
MartinPerez
trabajadorespub
pacopenin
raulsanzda
oscarcortes
riskyandfunky
diegocenzano
CoachFelipeVaz
carlosguadian
Navactiva
antoniogalindog
milimetrica
lcluengo
CNMCtelecos
AgusPiedrabuena
ccgnu
gabls
