jaestrobaenus
aiguaBCN
CarmenGimenoV
vivian11188
jmspte
xescoda
Parcdelalba_NOU
BorinotDe
InmaPhoto
exedrar
ngelsMorral
CreuRojaCeRipMo
paisoscatalans
Estrellaicontes
CerdanyolaN
networksarda
sisuavelli
llibreria_efora
nuriasubira
EvaLlorente2
SallySabadell
JosediegoA
ABuscaraons
marta2bb
JordiJoanMata1
Mabelvelezs
16Xmorato
itacatinfo
JordiMirGuix1
GeckoWalls
ipanemals
carlusambaccent
Marialpz63
martafatjo
montferremar
lascosasdesusa
SardaEsports
AnPerEsc
CaterinaPachec2
CerdanyolaT
coloniesmontpol
Caulababa
ivan_urdi
LauraCarlus
Marta_soty
Monrocon
miro_guix
carmenberlangac
estelada
casadella_k
ariadna_092
laura_monsonis
OlieteGloria
carlesescola78
LlorensPol
sardasport
tavicopdegas
sus_costa
RamalJosefina
Parentalis_cat
Ricardsi1982
Helenasaulo
dulcetcalvo1
AlbertIdanez
AiguaJosep
JoseLar25656935
portdelcompte
alinaantonell
ERCbcn
docenciaesmou
assemblea
DavidPo52290792
515k_unidos
moutecdv
keepreadingmg
JacintRibas
Adrianlorenz7
PabloCampa6
CarrilloGuiraoH
cnt_acerdanyola
lur49855
PlatCanTiana
RoberttiGamarra
CARMENLobagutis
SergioT64692705
VinilosEcoshirt
NollaRafel
ALROFA2
Beti29434024
indepesICV
guix_miro
oliaigu
diadelpuntvolat
FEDACerdanyola
casasnovasadria
CervesanaCs
PerianesMacias2
cerdanyola2016
glolopezo
araceliarraseli
Sr_Escoda
carmen64655
cescsenpau
SergioT87936760
markthebollocks
rodrigomparente
PerianesMacias
josema44E
psantmarti
MarketingMode
oksivale
loso46
CITrolling
aravotcat
refemelCD
pitarralliure
FerranFilippo
montoliu_pilar
PAdelantado
lleo_nart
puntinfo
espada_toni
capde_socCDR
e_movix
mestrepingo
Formiga06774610
nollarafelsolan
rafiuabu18
JoseMoreraC
VilaElvi
martinana2015
elmonointerior
BCNlotto_cat
CerdanyolaEUIA
martaxxxlapeli
irmagaca
lal461
barrifarigola
chuyperico13
calix_roura
GovernCDC
ArcheAlvaro
OdiemCerdanyola
OposicioCdV
CampusDavaMali
SergioT05730622
XOBBCoop
movemcornella1
DpelsCerdanyola
alfons_arus
sacaria_elisa51
cfbellaterra
andrea27177862
laiaserba
grau1988
retamero_juan
manolotriki11
Jans_42891
_PaulaMS_98
expertosbelleza
Pcrius
paco1962killo
martajiim
lorenzogonza11
3i3i3fan9
BSaltells
_marina_om_
Jordimiro3
GenerPavon
CCOOpublica
miguel45455
sollador2
crdanza
galan_anna
Cardanyola1
Ballemjunts
AlDiaCat
DOBLER2014
MartinRetamero
Taninocerdanyol
nuriaharomoroch
TeSentit
Anskaret
olgamolinadraws
noelia150397
JbaBcn
msantfer52
anyavaca
Angeles_325
noeliiaa94
laimon57
exposito_aurora
LaRopitaPremama
InnovatEduc
salvadorlg10201
FiraInclusio
Chavulaivai
ultimopasro
vca1962
Krifedo
maradelcarmend7
lapatatanegra
Novafinques
fundaciotapies
SociedadVirizad
Jmn654
helena_llopis
Jordicapelpruna
CerdanyolaBlues
mininaguapabon1
ComuPodemCerdan
suscostag71
Cid_Troleador
Blueroadworld
enriquetaucs92
KingJulen
mireiasanz
BeaArtapoelc67
txellcalpe23
MrScottEddy
ExpoDeporteMkt
31Mic
luisbomber13
OxopenSchool
bellavistaiker
Totu_7
bibliotequesSBD
lymary1
eli98112
RafaelH09756623
mariteresanchez
f6236fdde67642c
JokerDeathMt2
esthergb14
oriol_ges
Elultimomanteca
IneditBCN
FIRESFIT
MapiCamara
CarreraEulalia
miglesiasd1
joanbigorra
DELTAgentactiva
antiantena
serpalomino821
VeinsBarriRenfe
Ricrov1
ABelenguerSoria
cerdanyolacalla
haidecosta
haternonverba
textlagalera
graucracia
andreagar92
JacoboSantako
ICV_LH
Bloccerdanyola
sergio20tm
MontseHidalSan
Oscar66113427
CupBorges
AnskarTP
GREC_Cerdanyola
JuntsxSVH
manelflorido
albertsalash
javiagu
frisally
SernaTri
MikeStoneWrites
Matilde_mad
GuijoMarisa
FasterKamalic
prueba01751125
jordirodri19
akdksi
morenolluis
wearemunnk
fermaflors2014
miquelbonamich
DubaFlores
cronopios_band
XarxaOnion
JuditJosa
CacvInfo
tonivillodres
CBonasort
csayos
annetavives
cristinafosca
Miguelde_pablo
actiumagazine
Jud_cinca
x_cmlleri
SabiduriaTwiter
JosepGrau_
Manhattan_RC
mes_ccoo
MiquelSanchez6
ArnauRuiz_
eduvr2
VilaArnau
610b006976ce4ef
ortexaccidentes
gaya_vanessa
gruccio41
WeAre_Events_
jpalomar_pm
roser_bu
carcher29
lydiacazorla
AitorSaez10
TeatroBarcelona
AngieDuarte235
VictorFerriz
BernausFont
xavisco23
malaherbacdv
DaniCoronado12
IgnasiCasajoana
fmalejos
RiveraVioque
movemkny
AguayosJos
itantquepodem
OlgaBuitrago2
mccastilla8
PantryGlauc
_acpau
jesusmorh
gerardesteva
denswpc
gnrous2011
JDCasares
d_delbarrioprat
crj_crm
caaarloslopez87
anammartinez
munt_sa
CiutatSomnis
municipalesCdV
UGTCdV
ferranterueltor
MontoroSilvia
sonabloc
joanmroig
cevoscerdanyola
Senyor_Metge
txemadomi
Cal_Tut
rickydiving
institutinfanci
GuillemRiusEspi
COSKI_Sarda
mariareinaserna
recurtea
ConsultaCat9N
ACM948
kzz_gomezz
olivercarril
FMCmunicipis
ElPrincipat
MonikBargallo
xexugoga
ivan_2255
comerciciutat
cerimpressions
joanleiva
jpunti
NachoNack1
neigo35
TeartCerdanyola
JanBarcino
aalbeertoo_
RiveraPepi
Danirivera76
Totgos
NuriaCanCerda
TamburiniBcn
mtoribiosanchez
elcollell
grescagrup
ponsoskar
CDVGuanyem
jorbabj
1234mjgs
73MLT
nacionaltietist
Toni_Calvo
leviatancatala
ingrid_chiri
DANIELdoiser
INDIRASALONYSPA
enrique_march
OskBosk
Ve_Baixa
Angvica
ehuataz
tallerdeviajes
torio_juani
SalaCircus
Evaristocarcele
DavidBargalloBe
ignasicomellas
jcclave
Laiaortiz
antonia12578983
TRUEQUEDART
joan_calderon
Oscardoiser
ClubOddvar
CarmFarfanya
AnhellOliva
jose_gar_per
DonesICV
DrMico2014
perecasajuana
MarcSerra21
andresciempies1
icv_prat
mimosonia1
antonio04051457
Rahedan
increiblecdv
amcv1999
Aurea_1981
antonimarmes
pazvila69
cerdanyolaleaks
arnaufunes
Maite_Barcelo
InfoCerdanyola
LaMenudacdv
jllnegreira
Rosa_dels_Vents
Hoqueisarda
sospitescat
CatComerc
volemdunes
ovampos
culturaisociet
Antonio64valero
celmi909
fures_diables
LFYomisma
AtletaVisible
kikepardofdz
copiporlas
imma295
PD_Vallirana
roomsport
OmitsuIssey
ACCIIS
CCatalaNegocis
ADymytry
jarnau13
ICV_Granollers
monsedna
FontMagda
igerscerdanyola
asderipollet
albertous
FotoBarna
laRevistaSocial
BonsaiLlagosta
Tunegocioemgold
icvesplugues
isabelsantosl
PDeCATCDV
olosoy
lauramir77
SomCerdanyola
AMPACBuigas
shagy11581
EduardVico
isaak75
noemitasol
NooeliaBiersack
txell_txell
saaraavp
P_A_Cerdanyola
Crisbob10
inmablancomo
mikelltuit
HectorHeras95
davidportero3
XexuGonzlez
olainternet2002
RSantasusagna
dume13
XaviPichel
EducacioilesTIC
bsi_bcn
Rafa_Quesada
PSOECerdanyola
etichabitat
ricardforne
ycomsocialmedia
Guiorp
El_Traje
elvillarejillo
EducacioAIC
iamela
laposadamaldita
AmnistiaCAT
ArnauMarti
quina_festa
EDUCAescola
vendrellj
CerdanyolaPP
777LuisMiguel
topbasquet
PPCerdanyola
xaviplari
ernesturtasun
toniborrallo
Autenticscat
evaydavid23
rgagarriga
onatesl
senaltrafic
saichankami
llumehu
SolNatura_edam
txepadu
joanxines
joanzaplana
MontseAlpons
CerdanyolaCS
joanlopezpi
JaumeFolch
Thameschool
GASSSTRIATLO
InytAsian
MarcCostaValls
iferrer
AnnaMCuello
pol_ribas
HoTenimClar
grangil23
Greencityboys
arcardablemiro
JosepCalvis
CerdanyolaPSOE
rinconbestia
OliColom
PAMERipollet
MESCerdanyola
Expominerbcn
jorgeharopardo
reaaccionaONG
valorsformanted
ParticipDirecta
pabloma64
nuevoscentros
go_harderr
4joselinho4
estherpastry
CB_Bellaterra
MartaSerra_Cat
xtarsrec
Xexubcn87
totssomtv3
Defensem_TV3
Florencerdanyol
Lobisome
jrsadurni
xaviimolinaa
BoscTancat
CasaFloren
GreselyFarre
joaquim_vv
vallesvisio
trillizos2010
Llibertatcat
carrerclot
jaguayosr
CursadelSot
al_aguileraa
Delfindeazul
Adriacastejon
elpunticoma
SilviaUrarte
educationwords
arqueoleg
carlos_aguila8
CEMCerdanyola
Stheticsegle21
Sergiocr19
neusgart_v
COMrepresaliats
Sportilandia
Balonmano_VAVEL
perico9117
AleixMoldes
FerranHernn
MeryamLara
lluisa48
DGChanca
JanExposito
RaulFdezJodar
Andorra_Info
maniepetito
CerdanyolaRun
AragnCer
AndreaAndrius02
ResponsableYmas
JEVSabadell
joparlocatala
NinsEscola
AleixMatillo
icvsantacoloma
APM
caminantapeu
R_Ubach
CassiGemma
carnejoan
canametller
puntiaj
casalsolanes
IniciativaxMdR
latevaciutat
NeiraLuciana
cadenaLOMCE
EBC_Cerdanyola
NatCerdanyola
francasj
PAMOIN
ingridogu
LaiaSero
FelixJosep
irisarri7
TallerdeCultura
proyectozap
GenisTG
friptoniano
lescosesbones
MareXarau
evaramonh
MBA172
eliothega
ICV_Lleida
DAVIDTOSSO
ERC9B
gentxvdx
RicardoArroyoG
manero58
YantraCat
fmoralesTRS
DuLuGoSu
AMPAEBMTuronet
Novogestion
canalspisos
Ignasi_SBD
CanalAjuntament
som_dhoquei
carlaffernandez
algomasmasuno
atcerdanyola
EDIMM1
SyneraViatges
santcugatbiba
JosepRibelles
CristianBob10
EliMartin2
PereRius1960
76mele
polgarcia93
juanpittau
annyannyfer
FelipeLpez15
cristinabbonal
coralregi
albbrtito86
MarcFiguerola87
TATREVES
abrahamgr98
jota061001
Okvetcerdanyola
Sergi_Tort
CalPintxo
IsidreGrau
davilac
JSCTortosa
A_impulsa
tikitao1
lauraBJ7
IxoBC
viesverdesgi
VikyMN
immanglarill
casespx2
Joelchamo
paugv87
vguillam
CPACerdanyola
FArpide
FIATCresi
BeltraLac_Oscar
Aliga11
N0NA1411
jfont11
fmacerdanyola
rafagmiro
fhidalgomart
albertsolaigil
danialfer
Polifenix
OpaloPerfums
ccerdanyola
jkarlos74
IreneReinaS
HectorSierra89
Gruzky
NCS2013
cota3143
Miquelmasg
Jaume_JMM
monttshe
Informer_Sarda
LilyPurple311
e_Comunicacio
nuriaferrerg
CarlottaSantos
albertinyo10
ArnauSv
ccoocatalunya
casespx
NNGG_CdV
TessaBarlo
rubenbcn1981
MonicaAlvarezG1
AlexandreGael
JordiMirallesCo
AlertesTMB
Receptes
CarlesSantacruz
freeplayerget
pasodetoesto
EnricPuigMills
miqcerdanyola
BernatGaston
JosepFontiBerna
GuilleGuti16
repensar_cdv
PolDeLlorens
Nouf_siltan
RaulOrtizRaspu
xarmengol
meetro
Gurudircom
elageminada1913
AHT_9290
Rafaelgutierr35
Starkenbergg
davidcompanyon
eloynntt
Grisbatmar
cadiroig
LauraValdi13
rogergb89
andreaa15919296
Clarap_lujan
uriel_bertran
crisjusticia
LiidiaaNavarro
baresquemolan
mireiatuduri
ViuLogic
CerdanyolaFoto
JordiEstellerL
Radan_Desintec
fikonico
Muebles_Majik
GloriaOliete
mfloresesquivel
davidocnax
sirafont
sergimendez84
albertcoyote
Airyn3
MusicsAmbNassos
ItaliaES
TwestivalBCN
garfilazo
StyleRec
VallesEnVaga
stellaegalzeran
laia551
lauramassana
VeroSanchAg
ArnauRuizlargo
garciii
julia_mas
virgopc
salvadorpastorb
icvstcugat
Joan_Fdez_T
icv_voc
FarmaceuticasW
AlexJimenezBell
SaraVilaG
NoVotisCIU
IsNotCiU
juanjosalbia
elenasans92
11SamuelPerez
LaSansi
XapuMet
Nutri4Winners
soto_cop
LaPrensaCDF
josepduranbdn
kike4_91
automasroig
adriapeiro
OliFernandez96
TriniNavarro5
joansabate
claradiazalejan
lacomissio
AcademiaAtenea
MafaldaLunares
SeFuFer
colombiaenfotos
Miroguix
majosecdv
CxInd
ChicaIndignada
carlestoltes
Natupark
juliansmb
CanCarlets
LaMolineraRast
P_Cromatic
_CuidaTuPlaneta
VillanuevaAlba
thePostUK
sweetNella22
1montenegro
PadelGlobal
SportsThePost
RicardSalvadorI
Sport_Endurance
Raqeelpr
YoutubeSalami
MorralToni
montiel_montse
IKEIA1
OnzeSetembreBdn
fanny2787
Userful_Esp
MonSBD
JorcarmaFoto
hacerfotos
EnunNenufar
IvanUrdi
Juani_TARTARA
maartaamaartoon
andreitula
iniciativa
narenard
CERDANYOLAFC
Sylvii_13
Noietcat
Helena_se
elobrerodigital
Xavier_PF
Anabel_PM
txellcalpe
ariger68
CursesCatalunya
BojosGinTonic
mareagroga
Elenaolmos
Jesmarfcb
RosaVTort
abel2708
josepfourier
pepbarroso
Cands_H
nicolas_valle
malagrapa
LeticiaNetMlm
Papallona_vola
Puigreig
RECREAMKT
HectorZ11
ireth1985
info24a1
TagliatellaCerd
ManoloBuenano
superceporrilla
noeeliaajg
JuanParralejo
CBFCERDANYOLA
raulmayoral9
donainen
romescu135
Revistase7se7
jovebl
FlorsCasamitjan
tonirozas
Fmanosqprotegen
MadridSurCup
MartiMalestar
JoseLuisPerez95
Speedcourts
RRodriguezMusic
cintiabcn
albavp
albert_porras
aulaformacio
jovesev_santaco
JonatanFornes
MariaCapdevilaB
juditeres
erc_esmeralda
Santorinissp
JJOSEPE
Abelml1975
Grislaiten
EsbartSMarcal
teatrebarcelona
Soniasanzcid
onlinecdv
IvanBcnRipo
EnricGene
rosaerrekerre
aemakalu
aepaucasals
AitorTorone
CeDeC_intef
moutortosa
abroaderview
David_S_Andres
Sibieski
luismedu06
taladrocentro
julia_escuriola
Alba_Zaragoza
BUNKAYGYM
emprendelocos
FCorrionero
E_GNIA
llamantolcrazy
Penya_16
carmen_dvicio
beaandaygatea
PereNieto
VioDeBeauvoir
sandra31422
cnazucaraloloco
assembleagroga
francis16106736
Reindesa
DJovell
CursoDistancia
MarinaBlanco5
jordiguillot
DiarisSabadell
envima_cte
delaTorre_V
MundoManualidad
AturemEurovegas
XOfotografia
LiveBasketball7
gzubizar
cescrossinyol
LaDeLaEncarni
ArtsChocolates
Jordimos
EUiAParets
cupcerdanyola
urbanopepe
MagdaFontMijan
cerdanyola2000
drajanlea1977
ainams
Saidabl
helenasola
vicape_com
LorenPS3
arquelaus
JohnNewhouse3
RobertBalaguer
nununpareja
4_education
evibeney
RestaurantSumac
CerdanyolaPSC
vagacerdanyola
ChoBiTo90
evherrero
ididactic
coop_CECI
AndreuEspinola
drdurham77
FundacioEM
ChusGT87
RafaBellido1
educacion3_0
isaf_institut
Teclaiguixclic
tiradcamisetas
icvsabadell
_anacronica_
janetsanz
AntonioBuscarao
mariusgandrade
elperiodico_cat
maiteruiza1
Litoooos
MJupu
LaaPutaaPerraa
AndreuVirginia
naciocatalana
LauraGmez20
naturailleure
BioEsfera2012
Kiliansevi
albaBenedicto
pilarpazs
pilarviga
mmontpas
BuffetAltafulla
vicensvives
illobera
carloscordonn
nailacj
RetalladesTMB
_161571243976
jmliesa
montserrat_tura
cerdanyolaaldia
mercatecologic
quimbcn
GRUPODIPER
yacupon
ienterria
apeudecarrer
manelgazo
jordimanils
putohelicoptero
icvarenys
sara92rodriguez
SICerdanyola
CastellSantMars
todomktpolitic
jahidalgoaloy
BIODESIGNPOOLS
llamame_lucia
MarcMelladoBayo
COVIandCO
jncsantcugat
jmballeste
SOSbressol
rubpercartic
AlfredBosch
xavierriba
RosellAmics
avanamics
Vittahathayoga
puchesonia
morerats
SergiReboredo
espaisexteriors
atcsig
maselcros
carlesrod
Laiapf
Hoaconseguirem
NOVAEi
CasimiroBueno
CerdanyolaMuta
PaisCatala
PolSanchez97
LauraGrana2
ICVSantBoi
JPuigdengolas
qu4tre_R
victorfrancos
gemmaran14
mjllorens
DiegomEnLluita
Esquerra_ERC
JNCerdanyola
vpartal
Las_Rebajas
RocLlarg
hansstudiocali
MonsalvesPineda
Begggo79
contrallum
AidaLlaurado
TOTBELLATERRA
jordi_mena
MariluKloetsat
1to1_Biznet
portizherrera
misoler
alberturon
GeneralVerd
NonaCortada
TanquemElsCIEs
Guillem77
allpeim
EL9TV
ToothpickMGZ
Imaginaenet
rogeramigo
elperiodico
rauxacatalana
CCOOebre
joanfcomas
VallesiLanau
serviciosccoo
totsantcugat
Tennis_Pros
MonicaPalet
Xanascat
bustamantecris
rgavggggg
andorraverds
pepe_fight
AlexNavarroLara
noeayso
amnistia
rureinosogo
CorroigManel
SevillaAlex
noeliaan7
siyotedigoarbol
PedroAlmora
ICVcerdanyola
martaribasfrias
EscoltesCat
edumayoral
geeksandgeeks
JordiMayoral
ilkeops
guillemgenoves
pauplouu
lhoritzo
albert_ml
LauraCanyades
TomBerenguer1
lola_678
SantiCayuela
Valldor7
_Eli_Navarro
cuinetescapicua
nukuhiwa
parra1959
EduardoSteven2
xtomas
Twitpuntcat
jordiaranda
DoctorCancer
xiscnefils
mexa_mir
cristianmg92
gemmamoncho
pacomorales
cienciaitecn
eduxcat
martiiinaa0
SantiCosta
lidiatoce
chollito
CrisBlanco71
hectorcp4
lanieto
soyrata
xaviolive
DejraRenna
JesusLafuente
Joansb68
jhnicolau
sibilamorilla
troversia
carlaporras
CompromisxCer
nayadelr
jcviladot
Alfonsescoda
NoeliaSGamero
jbigorra
DavidCD_88
AnnaRodriguezAl
JSC_Cerdanyola
AlbertoLacasa
Luis_Sanchez74
jovesev
Matwitbel
daavidp7
carme_carmona
jonatanmarquez
Cerdanyola_bcn
Javi_Montess
greenpeace_esp
wwwHUMORcat
Cerdanyola
chache87
alejandrocarm
oriolmunu
MontseSoley
n_buenaventura
rogermpuig
Munozvd
martasotodmgz
armandriba
AlbaGomez4
msp_89
Laura_Bros
pablommesas
jobustosg
AjuntamentMollo
DaniViladot
EnricdelAmo
sergiprats
meritxellmartin
Andry447
CarmePerello
ramongut
christiancpbcn
