Travel_6
ReemSaud88
mumbai16832
faisaljadu
hekmatlatta1
azam_1988
toomyal
magedraft
salma95448300
tbs74I2otKDxSft
AmalMoha9
3Rvnn
daralebda5
LeunamSasurb
dar_alebda
Wajdi_Gutub
WaelAlAmeer
ZKKHALIFAH
balhamdan78
SalaTaleb
vSnhV8dK9jqltIB
Jamal00490
aram_chalet
hamedsayasb
almanaseerster
SuzanHassan62
l2g4bozJ0JzSQMz
iLZnhBWERkJ6ydf
turky0987654321
tas01011
4IU1CAzXSBE2rkc
TRZANT
9gv1Jse53UK5phv
TbUkR3CH6dk0ikZ
F15Mashare
euKKJ3UQcTpPidQ
8IVhJZcm6Ig8hwB
Vggggy3
Nazih_Dyno101
HwJ7XqZmLuHh7eN
p75pPqULkingKH3
F1R111
ddwqxA7SmPSpK7q
t6wuJURP4SBQd9r
UOr6YkKYV7koEqL
3UQStxF5ZC8ORL7
eqmmrd3iu0r9gR7
QVrnzX8AmYfDsZD
9bfZSuIt5NrgFxx
hnuoosh
FekrtH
bVmg1kzlQumoOtl
Qwertyu21516974
2yzQKzvAx8NtDGy
zfTDxAjIQtSpqXW
marchhh_omar
husainsheraif
Mzahidh
KF0LPnLoptAYtWQ
ibrahem9295
aliakba54710425
DALEEL_KSA3
Brandingksa
KKSSAA11285978
astorah888sobr
msakr81
Hjkkkloo11
ArmnZlma
sout3282
ffahadd059
you79120524
gamal1292070014
38arx
9bTNHKgaeblkj16
adgfghj66039400
aHVa9SxYJjMtQe5
l4pd1TZumkSWCZr
meh5337
h9IFYLFNVYNdwID
m6696mipafYN6vR
4RLzy9BExtnHhG0
TE6i7o7RDqX8liz
eyadaalmaghrabi
mostafaakeel1
meh8587
qq497671
moh_uas
aassaa1111122
am809880
thaksgr801
alzahra1newlook
airsea5
95wdD46Cey6Mt3E
jabrys677
Hani_Bukhari
hassan22khan1
WajD_77
mashhour1975
aiban1sa
nouf_aljallal
zISxC11qZEujmas
123456iiIikilm
adilncb2000
UaSvTVViJhaxzfN
rakhaahashem
new0554316970
mma73920
waldalmhadi651
TSGZp1FL4f8Kn0k
banotatcafee
keem1965
35566w
Fahad_ghabashi
RoniEmos
MdShahb46776247
fayrouzm399
lailahiba08
aqrksa
alaa_siddiq
khaled12211221
khaledfaisal25
mokololo78
deya_abbass2007
JpxllotLDvP8RJL
salohee2010
salohee20011
mhmdalhajy3201
alharbisaud1211
AcakuwKSA
alharbisaud1012
KHALIDSALMUTAWA
alharbisaud1212
DrAlfahadi
abuhatim2711
sonsut1982
aban1sa
albetairi
nabeelhamid8
Mstqbl203
amalk613
aboLayaL
yasserk09496008
6487F
aaaonizah
Hashem_Abdullah
joe_mousa
DFT2016
SamerKh87
faisal608833
saleh5344_salh
2945f6a7f0a24f9
drissawaked
abdulsalam
akattoa
ALDAWOODMAZEN
Binmahfouza
AzOmran
Askhalifah
alfayyadh2012
a8008a888
_Sleeman
aaakhalifa
muheimeed
AboRaya43964834
naif2000457
SaudiSRs
Carolin20392782
Mahmoudeweda
Mohamma90301264
mahmoud1231997
alsamri2013
zainabm47678105
healthpalace202
mazinbaghdadi
hafaihani
nelsonr82076144
mrabaalkheil
Ksa_2009_
om_mishari_
N_aljafari
Alfakhriq
1995_smk
itMeNony
akatouah
HKanhal
MAlherbish
fahad_al3nze7
Hamoode11
ims728
HaithamHakeem
ehakeem
wahdanalkadi
kk4821771
AlkhalfahALI
inrugco
aboud0008
Sirvovol
da7oom_2000
mokly456
abdulrahmanfj
RakanAlyousef
S_alkhaleaj
nugamshi
Ahmadasba
AmjadTayeh
_amu3833_
HeshamAlghannam
ahxsdd82
binzarah
saedb
FaisalAlandas
NOOne_SHOP
bussmeh
zkzk54321
ahmed_al_sanie
hmk4221
tab1845
yalkhalifah14
Aziz_Abuabat
BAlAzzaz
SaadSalehKhalif
S3oodie1
kh2224
vviipp3
Abofasal696
EhabQumhya
HadyAlShayeb
reemalhidd
ShorogT
_2785914948643
rakan4474
JarrarF
Saad_Abo_Sultan
Anaskhalifah
e7sas7sas3
mmk205
hamad7999
muath_aljarbou
talhumaid
fawazamg
mishary_
abuali444
Am3bdul3ziz
tamar_qassim
king_alkhalifa
ebourshaid
Mansourbinyahya
AlsheikhSultan
AbdulmalikM1
tohael_masry
aalkhalifa
a_abdulaziz_1
GOICGCC
ziadoga
drtawfeeg
ZeyadKhalifa
ELSHAHA3WY
AzozAlrshed
sfaqeeh
A_AlMazrou
hamdy844
abumaan10
azhenizi1
haitham611
Hisham_Aus
ralsaeed2002
raed_althukair
fahadalkhalifa4
amrjallal
altfa7h
