lessi001
techstringy
santiagocrz
paintersforaday
Christo37679349
Agime01
matdan2904
crusader3k4
Satish21gupta
JoeMonahan20
WindowsPCguy
LoDSystems
BeleguRinon
Yodabyte1
Razvan_Duhan
worldshare3
Jennivmtn
SebGM2017
Wade_Teresa
Karl_ITNerd
coolsport00
solarwinds
DonnyLang1
MayurParmar777
loucia22
vgamers_gg
ciulinaru49
yemyatMaung
AOlvedos
JPTheCloudGuru
adityak142
shwood
AMikkelsenDK
empdcc
ProfbitsLtd
mist_io
davidchapa
varshamountabu1
CAndersen111
Kabdou_IBM
TothDano
ericus018
ClausPfleger
SamuelDesBaux
gertvangorp
HonDorev
druvainc
mrbarkhordari
JGRIZOLLI
ANJ_2014
SztulaMartin
fmoyay
Tina_Ha
NetAppPub
PabloGlezArango
janurbanek86
Sorenzz
Acronis
AcloudA
_Desmoden
CloudBackup__
EasyVirt
nicolaferrini
dcomo
plankers
storageio
vmugghana
GoliathSolution
guisebule
umacboyvictor
SovLabs
vMarkus_K
rlup
samiracerrano
ravulur
DerPorki
vfraack
afokkema
Mohamed_Elfadul
VMware_CZ
ondrejciz
RadimSofer
pavelkovar1
FrankDenneman
McallisterPetr
Mzoear
CEO_Inteleca
COO_Inteleca
grob4ever
IntelecaIT
Monica67539379
nicoladecandia
netpszem
geofrey
az_ny
domatveeam
microlytix
myvirtualjourny
NathanHChan
darthVikes
NovakMicha
indylindy22
lifeboy
JDavidMorris
CormacJHogan
AppOrbit
scangaj
ReSTNSX
anubisg1
tracywhodoes
butch7903
Max_l_e
nwinmyint
danielmicanek
dejongraymond
lac0ste
antonischr
BestWebsUK
st0n1
giladbrown
askaresh
obibestobi5
VM_Hero
AndyFern95
Lifegliding
mikegelhar
alexanderleutz
roccodragani
E_J_Dunnewold
CGhioc
LaurensvanDuijn
Aspiring_Nerd_
RubixSys
RobertoScirpoli
MyVMUG
VT_UK
michael_rudloff
mattheldstab
RobBenedit
vciprogram
JuliaBKlaus
RArmand0
Kred
smtrobroek
wodge
arthurvandenb
DuncanYB
AndrewZhelezko
settlersoman
Magneet_nl
aelhusseini88
indigoamsterdam
AmaliaAlvarez16
CraigRodgersms
AcRy_
nRandazzoPcc
DarshanKolambka
mwpreston
bmislavsky
sockendebugger
CertiExams
VirtualMBG
UdoKonstantin
michal_honc
khodaeifard
lorenzomoglie
DaniloChiavari
vExpertConsult
ZuraMel
ivandemes
OVDamn
wessieloerus
EranTamirET
FactionInc
CiscoWorlds
vcdx248
hpatel00
vcixninja
chrisj_wilson
Keiran_shelden
RamTiwari1986
impalisethi
RandDevelopment
blackest_box
SushantSRao
Rasmussen_Shawn
DrOzdag
JPerformer
brandoncarroll
pardon263
BobbyNaydenov
DataCore
kentsoi
rverdam
IXIAcom
vuptimeio
GestaltNikki
virTimMaier
Kevin_Pcc_ovh
Exelerys
NetAppEMEA
WekaIO
dazanes
bodi_elmeky
EmanuelaMoscet1
Pivot3Inc
cchilderhose
zdraza77
CalvinZito
alexer_zhu
TrajiirVMghost
Sreeec
AhmedMoawad10
NLNils
antonmajor
Surfing_Clouds
Marcos_Adamski
ASophieWade
GlobalKnowledge
MarcusDavolius
wildcard78
Josesalomonfm
pratjainvmw
morochosve
jhoughes
GudduKu23069091
Brinkhoff_C
_vCallaway
RushdiRizvy
ExploreVM
LagnDary
kubo9911
willingvitamin
Pepsi_1992
andrea_scapini
mastny_a
SupachaiSu
ercan_ozkurt
RotemAgmon
raimes
Harshadnellith1
virtualhobbit
KumarAsthana
ioFABRICinc
rwarntjes
RamyElsebaiy
LinuxBashShell
nielsengelen
Gujjar_wah
x233t
vzeimer
VirtSecurity
joshuatownsend
khiroma
DBurnettTech
BklueGangsta
jonnyabeck
bpellegrino
hcidude
Joelucero18
anbakal
vJasol2018
michele_murdock
viGareth
lindseylegacki
jwarnette
ryu_98
advani_dilip
hanifmr750
sophiegeorge86
wojciehnet
KenNalbone
bonkeydave
originaluko
iamtbello
ReneJe7
Lenovodc
Konstanze
Spoofatron
ivgivanov
Bryan4210
sacha81
fbuechsel
VCEVBlockVArch
rpartmann
mlevkina
VirusEntferner
EscombrosCielo
love_Schopkins
rayheffer
HammondRhys
bdseymour
VirtualCloudIT
NetApp_Tech
ian0x0r
yatishgowda
daniel_paul
NoellGrier
ranjnaaggarwal
tattooedtechy
MarekDotZ
beckylelliott
varunvenkatesh1
MirandaParidaen
julianobarbosa
VMUGLeaders
ready_kps9
SintheraSrl
3cVguy
AmgadAskander
MIwanczuk_
ArthurOfTheDell
Hangar18nz
NScuola
ukPenfold
edwardbek
seantorresm
lithespeed
tanoadriano
Jcjr22
ArrowECS_Virt
nmiguelrf
stephenlrose
barkingd
hendrikswan
Jake_Vacc
ProfileJetpack
goPathSolutions
MBLeib
dsiles
marianjanecek
IvanAtDell
erniepellegrino
andraesfr
SamRabi3
jetstorsan
Nicke_Borgstrom
garry_14
vhojan
smith780rp
MichalMaly5
Uila_Inc
vPedroArrow
vmiss33
ederson_feijo
mr_praphulla
offsitedatasync
tayfundeger
vmblog
eric_gray
ErwannSimon
KusniKarno
TechReckoning
KatKitzmiller
david_pasek
VMware_EDU
solidfire
michaelratkovi1
ssharwood
h_magelyova
dsimelka
matheuscerqq
Brett_Guarino
keli_geni
kabuataya
shohelkhansk
cloud_techi
Karol_santoss15
SJTCEU
Arjantim
jit_esxi
KONKHRAOFFICIAL
EngAbdoSalama
Tohuw
citrixbrasil
Lara__Beautiful
opexxx
crunte
ericnipro
jme_tweet
FrancisDaly
DavidBarry49
RogerMengYao
vCrooky
parthaseetala
DeclanmWaters
VMCarrie
v_rtc
JeffSullivan
orchid8
KongYang
sthulin
cann0n_f0dder
datachick
DemitasseNZ
Touchdown_PR
benmilligan
wandersick
KCanfield_615
Jorge_Silva007
andynash99
sustundag
KackoCzech
vodim
Mandivs
loopbak
British_Airways
Garyw_
wdlcym0928
ThomasKanan
nousm
antonjvr
ELavrova24
E2EVC
maroskovac
pfterry13
snoopj123
htetk
Zimbra
RaffaPol
antonvirtual
JavierTroubleV
sammcgeown
JamalTAJJAR
gregor_ivo
vimvic_cz
EuroBrew
vMikeCorry
ryandcartwright
DVenturesMunich
bpatbluemedora
sc00terik
rhpsystems
ClintWyckoff
widmerkarl
CerThacker
maty0609
kev_johnson
dvvrt
MarcHuppert
PELO_KAY
KennethHGunther
Backup_Guy
v_trimi
jwint80
shakteesharma
virtualVaby
MuhammadToffaha
timexman1
pomidorokhova
bkhandan
DaveKawula
homelaber
paulo_santanna
syneto
cbuschbeck
GreenDrains
GemmaLovegrove
N0bo_
i30____
ahmedhamdy27
datapath_io
VladimirKvas
CtmCiscotwt
mohamedEl2sas
alexandroprado
rheimes
stingray92
paesslerAG
SD_Cloudy
Stanl3y_
AnnaLawler
HiThisIsLuca
manronES
larstr
PatrickRedknap
ALDTD
MattThatITGuy
toby_systems
linotelera
overlaid
crispyire
dwyee123
HussamSawaqed
yuvaldim
VouxFashion
EngDeathmatch
pepomat
flackboxtv
imvsats
RedEvolutionIX
ANBLdk
kebonp
virtualisedgeek
sajidiqbal526
BurakUstunTech
marekgolha
joerglew
ankso
zhanjiang8824
brandongraves08
ArronStebbing
magander3
btn003
shiraness
malammouri
oriorp
Zach_Josef
Hybrid_Circle
VirtualMetric
scality
MegRobinette
VeeamUGUK
labi0l
mikucera_cz
VMTNcommunity
2jpape
vKTBcommunity
in4sometech
TTGTEvents
certifyschool
velikadirkozan
PegasusSays
dez_skills
COMPAREXcz
GKMorristown
MartinHubinek
SravanKarna
DanieleUlrich
AliAbedi02
v1jay_
vMOmar1
SinedMadam
kdavies1988
rowenapouliot
Craydusk
Davidoff1981
domdelfino
rocvmug
roman_kriz
ortoscale
tbgree00
alexgalbraith
IaaSgeek
virtRich
NHagoort
KnihyN
VirtReview
joesuastegui
jorgedlcruz
JaxIsland7575
accessalto
jpiscaer
mrizzi2
BassaniMauro
GiulianoBerteo
SFoskett
NoLabNoPartY
GreatWhiteTec
saintdle
olafurh
c_glemot
HeJakub
KhandmaaBaterd1
VirtDesktopTT
rfmennecier
fixxxer
hharold
johncvillanueva
OpenHomelab
raj_441
Nakivo
cloudhappens
myvaran1
Shariq_ASyed
prparkin
1dff4e25e03045c
SMEnarGlobal
ThomasMoeller_
techosm
Arcserve
AndreBore
Luciano_PT
vijayscsa
rvdnieuwendijk
gsoeldner
altonyu
Simone_airwatch
arielsanchezmor
PavelStraslipka
lenzker
lukaDu2
CtecSur
EnriqueAurelli
1B1Z4
KlausPeterat
niki_nikolov
LFoverskov
DaRealHess
dpironet
vroomblog
RennerStefan
gallifreyan
CinciVMUG
tsmith_co
PetrBiolek
JohannesFrickFL
music______Hey1
VChagow
Ray__Campbell
starwindsan
erbasdev
hunter3of13
cangliang123451
kanishksethi
duris0
VirtuallyUseful
HPE_Education
Zdeneklev
mrk_zgm
bizzam
ReneRfi
MichalVostry
EvaCeresnakova
VMwarePress
vMBaggum
ImprovCalendar
RComEducation
esloof
AdrianLutea
KathieOBrien7
CDPJose
ondrej_vlach
G2server
chrisw767
JensSoeldner
VMUG_CEO
LucianGavris
JamesCruce
Inita18525171
_KatkaW_
k00laidIT
erickbm
Kacka_Libal
berrosch76
tech_unplugged
A10Networks
EmboticsCorp
cytroon
stepanrychta
PassTheVCP
daskino
roman_macek
carthick1
ThomasMaurer
Tegile_Events
tleej
kfalconspb
josef_gottwald
kawtalogic
sdncaner
merlinjim
tomaskalabis
helpdesk4hire
kylejenneruk
nam_tegile
h0bbel
PinnacleSoftwar
anthonyspiteri
virtetc
Floreilinn
pmaszt
Tristan_Rozier
VeeamVanguard
cragdoo
MichaelCade1
latraxa
Datrium
lukasbelovsky
vembutech
Commvault
MPlesnerJ
VirtualChelsea
mcnerney_k
VMware_Experts
MarkBrunstad
southpawpro
zfiolek
ARMLukeDunford
cswaters1
vmdk_co
NetApp_Renzo
BILKAM2
Tom_Tkac
angrydok
dellock6
BigData_Stephen
seanbwhitney
brandijo926
actifio
TedRanft
VDSCorp
Hitachi_USA
CloudCompReview
ALGIZTECHNOLOGY
anivanymusic
thebigbluebin
juliocus
keithtenzer
MeganBruhn13
OnApp
meganbruhn7
Unitrends
davidstamen
Viperian
s_sadoglu
stan_jurena
RuneCastBiz
nikhilgupta2453
BigTec_UK
thureintun79
AirVM
trainingrev
PatrickSchulz1
RyMangan
Dalian_IT
KAKAK942
lotsinfrastruct
dcsonic
BlueData
Christianibiri
stmusil
vmBoomerang
Madman045
Emulex
djanthonyRR
Ericom_Software
btkrausen
Tegile
ArrowECS_TheHub
acidspurn
vmzonejk
viktoriousss
DbigCloud
nuagenetworks
mendme72
Geogee007
Kasraeian
virtuallyanadmi
bsuhr
fu_mi1
jbcompvm
Sergeister
Laura_Whalen
Pomeroyjobs_jml
martinstetka
DataCore1
ivyannalviso
BKsmithjones
bankfinit
Davoud_Teimouri
mthart69
AnjaIgna
USA89591851
VTTechnology
Katrina_tweet
ju551e
klunkySQL
robynb12
NadeemMustafaQ
lassfolk
vHaroldGoodwin
shannonsnowden
_zanek33
1cloudroad
rolmk
Luan_Cloudera
vmwarun
aiolfip
vExpert
TomasMyslivec
vojtekales
VirtualWM
haslund
NutanixCareers
Infinio
LoginVSI
MichaelRyom
bbazan
Fred_vBrain
Craig_Kilborn
Rimmergram
fbonez
remotedeskman
Lanarkshire_IT
LinusBourque
aanval
ciscokid454
HPE_Storage
PernixData
HPE_SimpliVity
vcdx001
AlbanLecorps
ralphklin
LucD22
simoneady
AbdielLouis
jplachy
DellTechWorld
janursi
const_is
BillRothVMware
aobszyns
dlink7
IAmIvorPaponjak
V4Virtual
sumayyarandera
frankbrix
NVIDIAVirt
AlexRemigio
vmwarevsan
DellCaresPRO
DritonHysenaj
mku1976
billhood1
Insight4Hosting
AgustianaAnita
anita46gmail
jprodelal
vm_beach
sferk
vNelsonTX
LauraLeonti
UnideskCorp
m80arm
woueb
Sandra_recruit
lydiabigelow
how2vm
nEtVIL
vCommunityGuy
BalazOndrej
ErikKirschner
MainstreamIS
SearchVMwareTT
Mfrizzi
KaminarioFlash
Cloudtexo
shibith_kk
PolinaTodorova2
VeeamKB
minarik_cz
cnjydw
BasRaayman
itvirtualNL
cxi
VMwareHOL
Cocquyt
shmza
stevelm33
gklooste
leonhardtla
vmwarefinserv
lora_not_laura
dirafawak
TonyWilburn
nutanix
IamAServerGuy
vmstan
ravivenk
P2Vme
AnthonySianoNY
joefilippello
BackupMikko
SimonLong_
folker
jtroyer
RecruiteMaestro
vmwarehorizon
IT_Certified_
TLewey
RisingFXGlobal
OkaleboStephen
horak47
RiaGabby
Starch_y
VirtualisedReal
davidmdavis
VeeamGirl
yetunde_ajibola
VA3SFA
CloudExpert_com
yasirkhan_77
Caxxiux
linkdin
JillianPandav
virtualB_me
PivotalDataApps
radware
meier_manfred
vFabricSQLFire
TrainSignal
RunEMC
ThatFridgeGuy
DailyvMTech
VirtuallyMikeB
packmatt73
ChrisDearden
moritzhoefer
CN912
AscarothV
Andrea_Mauro
VMBackup
ClearpathSG
marekbrazina
Virtual_Duarte
VMware_UK
dawoo
jameskilbynet
nickbluestar
LHR_T5
cmohank
jfrappier
SteveBB
vInfrastructure
GreggRobertson5
artur_ka
VMwareEducation
sandybryce
vpourchet
ttrachta
Dutch_vMafia
rogerlund
wonder_nerd
dRrCloud
vladan
VMDoug
IBMCloudJJones
einsteinagogo
vBeers_org
CitrixBenelux
vmware_nl
DorisBarrowd572
StevenAColes
scroll_blogger
GeorgiaPhela28
Nikita_Luzuriag
LeslieMilesVs
darkkavenger
LeroyKijl
RickVanover
compITtraining
borismittelmann
Veeam
