LuisPardoFans
jvernetb
Fdz92
Nparrasa
Muki_1010
barlaplata
elegant_jc
pujolmooney
lauraV35
Nachito__XD
CojanTereza
SuperPulsera
Tamararos2692
FalguiAnna
C4rl0sCL
moragon_pablo
QuererAprender
mery_aix
Cuidad_belleza
salunatur
EsGlamMag
LUNANUBE
capdevila_javi
Forosobreviajes
Marcos_Pau8
rubiobtt79
PabloAboitiz
ElXampanyet
PhotoWedding86
Isabel11091984
reichepeich29
InvictusWorkout
lailaclk37
r_canog
daagsi
Marcos_Custo
leiranajo2001
AmyStevensFc
NouhaAsr
gdpalomar
norazubia
fujur
bauza_ariana
osho283
tere_1979
sosfmradio
daviniaosorio
ONDALIBRENETRAD
craq14
andreaszabo660
LashandLash
XaviPome
crisyanialex1
tuserasmybaby
rpgtelma762
mangeryo
denissecoria
Irtaphs
AlbertoLozano10
SaudadeFansClub
pattysanz1980
kaizenafterwork
adriblundman
laurafitxi
SergioLGaitan
comoyoninguna1
joseluml87
tostadasoctubre
BCNComedyClub
JordiTurmo
Dagaro8
jordrums10
Carlosvalero23
estherpadrol
Offertutti_Viaj
clarinvidencia
noeliagr26
PARACA168
StreetNails
Nuria_Scully
GonzaloPerez10_
NoeKarmelo
alexiamr86
larubiams
carmona6tt
photon333333
nacherd
Balboaa10
lil_fonts46
SrtSweetDreams
JOAKY_SAUDADE
CAO86
lunadelunes
cgostanzo
elrincondmama
elektrapapel
Vanessi3
ILovePinterest
MissDulcesFiest
jortursan
JMfotografianet
SantavitaSabade
LliureVita
RobertMonton
Crisbenetcano
jccarmona2
soniaaurea
66baru66
Patontoyo
javi_dls
nandoBetancor
ZaidaBalboaDelc
ElianaBTL
IoXeV
AlexVillarejoB
quiquer9
bcnbelu84
Letycyasi
laurajaimitillo
aliou24
Saret_a
Mim30sc
Lidia_rr
_elenacorpas
PLANETAMAGIC
LaCarpaBcn__
Montse_cadenas
Mmmmm26
monikikas
patty_bcn
protegidosFAN
Marieeta_yeah
anxell
vbrujah
butterfly_mrb
arteurbanolanza
jhhbcn
