raderkraft
EchoSystemsShow
opvakantie_nl
cleay
ddalbert60
hjhellman
TimSwager
rosathepigg
BuyMyApple
fixmybrokenmac
au051047
EllenUtrecht1
iu_podcast
myproPHE
oceans_audio
la1linde
ashleybohunk
aframe_dist
wei2wei2
LarsandRosa
AndreasRef
pixelimage
bartroorda
rosabeanie
moorfotografie
RobertOkker
Annette_Behrens
HHKappes
bereik_io
VoysNL
eikepm
helmer1979
StudioSpomenik
sjeetjemina
theCOLORSgame
bavaross
bigorangemusic
Bataleon_MrB
BrittKnoop
SamuelBeek
CrowdTRetail
luzielouisa
micboc
xtra_lard
DiSteenbergen
Blinckerms
JorikvT
PanMan
KlaasHarmdeB
Wiedel
HiLightsgroup
halphderaan
nijnkevw
WEAREWILL
Lilaustin_
MNS1974
Annewel
_wizard_13
HollandCentraal
calango_nl
BasVerwoerd
basje_basje
ispowder1
gwenpol
tripleheadvj
SocratesAV
cadanspost
BrendanMatkin
sasj_nl
Eevalioni
KNGDMOFSMTHNG
BCInnovators
marcnorris
CitroenDavo
PUBERSWAGZINNEx
DigitalDuckInc
grahamcopeland
johnnypeachtree
onnoblase
SonaMarketing
mickjohan
jeroenvansluis
hnldesign
theowatson
videoguys
themthangsjuse
gerwindehaan
kaijetan
flipraats
mgd13kna
V_F_X_G
Akshaypathak5
mjeff88
crayonmusics
myf3de
martijnlambada
CZ_Martin
IvovanderPauw
metalabharvard
JonahLupton
adstormTV
ImagemPMNL
skrudgemotion
ImmortalGlasses
ErwinBekijknu
duvelduvel
studiomenting
Supersuus27
bryandavegambal
CameraNU_nl
MennoBroere
EileneSanchez
DaniiielaAlves
FaraMeganova
PlayTrack01
RustyRobotsGame
sweetgirl1074
originalmonstar
SpainHomo
AvaCijferJid
edderoo
dyannegambalan
devriesbs
JanJeronimus
afbeeldinglol
ps3feiten
hasan03208804
jimburyjr
cnewski
dstitch
UnkScreenwriter
metalcells
SpreadMotion
kijkvoer
HEYHEYHEY_erik
ZZChu
LevCreations
FrancoisMassart
edwario
design_io
beeldlab
doyourule
treb_charter
AppleHatesMe
JasonDavisFL
BUILDITBOLD
BasBoelh
demkodo
keesplattel
blokhut
fermerdermer
smalltreecomm
HanDun
KlinkendeMunt
StudioOddOne
WeAreJigsaw24
Jigsaw24Video
elger_sio
fono_amsterdam
marvinkoppejan
circusfamily
Piccadilly024
moniquejagroe
LENSSINNER
GeorgetteLucas1
SjorsLucas
Thisisarobot
geloofmijnou
k3rrymurphy
Yazoka_com
Skisluts
straategisch
RickHoogervorst
deSkater
jeroenterh
GSMproviders
miasorellatweet
halfmanu
chilotv
TheFirm020
rkorbee
aukerog
bobster75
BOEMclothingnl
meneermulder
5050shop
FinalCutProL
Eitan_Wynalda
videowebinar
martijnswart
Artloverer
deFranseKamer
JvZuilen
manonthemoonint
winmacbook
mreza1385
RedBullXAlps
basrotgans
GevondenopMP
mmmirka
El_perro
michielrotgans
schurgenator
