thisisnotallcom
Blackpoolers
dcdevshop
IbanRamon
MeettheCreative
medusavisual
asiergoru
RUBIOYDELAMO
Hector_Romanro
disculpistudio
imgemmabusquets
HoyTeMotivo
SergiMMX
xyz_displaay
raulifer
_mrzyan
ChazzMadrid
boixsara
TuentiES
smalonso
PlatodeCinema
Designs__4U__
ZulfiquerSobuj
Logo_Geek
marketingytal
editora
xavicalvo
Jesus13061307
LadyAlvin_
claamaapee
cursoacreditado
VidalTubau
bcnlastcall
Natanplanes
realKevinMorte
sheislaau
CooeeCreative
FGomezP
JosefinasSuero
IOWAdynamics
AnimaIn14
Caro_LINEart
danivx
dotlung
esdesignbcn
InsolitFestival
rauortiz
CODA_Office
adrianprieto_19
WordStream
ADC_Europe
M__A__G__M__A
GidloofOnline
WellDoneTweet
grafilista
CaroSirimaldi
fernandolazubia
normaless
25yearspl
gorkaguirrev
alemasferrer
designisnatural
jameskenn43
valeriagranillo
tavo_studio
Jordiblanch
Jornada_DiaD
mrcfr
fomb
breustudio
placidosalazar
DuroJulita
clasebcn
Lucy8688
javimontoya_
DanilPolshin
Neo2_Magazine
putosmodernos
raven2studio
Coy_14
arketipo
boleas
atipostudio
caterinabarjau
lucky_rivera
ivoserrano
visitorboost
SimonWindsock
emusica_academy
farmacoronline
majordomio
Yomismamente_
OAlieri
ninasans
AXT
MayusculaBrands
trubnikoff
sergioortiz_87
Noe_design
MrMoneyleague
GAZAPO_10
pinkmorro
loza_24
GanarxCristo
Metagestion
phosphorart
luaterra_es
fjavieralmena
igadson
ajamdixon
noaalarcon
cabrilscultura
Placer_Lectura
SaltyBeastSurf
BlancFest
Presencia_ev
valenti48108104
Trini_Asensio
impressus_
jorgenwinsnes
lorarjantor
Unstatemag
manucogale
iamnuriaprint
espadasantacruz
mtevangelica
Arealibros_es
rosasanz1957
jesusmr_es
untiporaro__
LauraSettecase
SavileRogue
pechakucha_BCN
stereoplastika
maryrequena155
Goru1122
adgfad
cacaochristian
sarasimtec
BprMadrid
ArtistPartners
jaumellenas
volvocar_es
leeedsel_18
angelcustodio
ianVatega
imedcherif1
ctvcom
Kairoioficial
ismaelmedel
PabloDCartel
IsabelPavonV
jonialons0
Rodrigo_zc90
FineSelections9
sergius_alvarez
Dannyhe27910189
kevinPLUK
AGMaresme
estitxu1605
mireiaruizzz
xaviersalvo
ArmindaRodMay
carles_ribes
wearesubrosa
Commentary_Proj
metropolis_tve
hachemartin
toposconrayas
siete7set7seven
victorfernandez
Club21_radio4
CVXinesca
Allineqwpf
WeteOne
ledoyunavuelta
vodafone_es
WeAreSimtec
CREADLOO
OFNblog
pauerr
LaimaPersik
Cabrils1704
MUC_Cabrils
blancheandgee
sdblanco7
WCentralES
gbunidos
xaviudez
JordiTorrents
promofarma
LeMaritime
TonyaMckinnon
KalynStjohn
direcreativo
SaraaLeivaa
ebavs
raulasador_
Nazaire73
thenicoOoxs
WCentralCAT
Cooperativa
coralifera
omismaiel
paulryding
Kaax
GabicdnMunoz
Zacuto
Handsome_Frank
geovannyggpt
xavierverdaguer
AlexTrochut
marc_sd
xescu
AGMAbogados
cocolia
consultor__SEO
rdgoico
baimu_studio
Ultratypes
WittyaAds
Maasai_Magazine
SilviaTascon
Exaprint_es
AntonioJRosa
ChrisHarrisSr
SpotGet
JMarinov
fedrigoniclub
graffica_info
EduardoVera05
jacqueline_jcf
enredencuentro
Artist_ArtMat
krenecito
Sgto_Infante
evendrella
eglcaldes
SantiNovau
moibonales
daninc24
davidnavarro
FilterandPaper
menossmas
Hillsong_spain
melanics_com
DavidGimenoA
teoce_com
SeshnSurfing
hostalers
txuma
ivetteHuitron
xaspas
GLJewelryDesign
vpierabbaa
SandraPerez_Ga
sewiissanxhz
carlosjimeno
JessicaOrtizPas
ciofont
Mely_1917
olmogarcia
lalistadelafran
aeeoracion
MarketingTrucos
eduardofitch
creatropolis
cpecjovenve
Nauta_a_bordo
Yoroppa
Juditdsb
jpablo_f
andamio_edita
jesussampedro
littlebigepic
Nominalia
pablogprieto
latuff
predisypelis
digisnap
sewiissanchz
PlayRestart_es
jm_mir
mrsfigueras
vito12vectorart
elemasge
damsonales
rogerpjg
anakasado
AbrahamAlvarezS
fabiosagaz
PetitPuck
cris_soldado
srysrawilson
DamarisBonales
dimensionpubli
joelfwal
DanielHofkamp
NoMasPipisYKks
guillemsampedro
totobermudez
Andrea_lakes
xmemba
Superbritanico
Tarsysky
adaspirantcom
tomasescobosa
afcispain
ssantosfdez
dissenyhub
ICMsocial
pablobarcia
NoeliaZaragoza
mparago
ProdEditorial
SpyrexGamer945
enelapartamento
loidamuol
davidvinasr
singularcakes
GallAdela
CALLlTFIX
davidparago
davidmartinezpa
Lorengarciort
saraiknee
LanzaderaM
Cabeza_Viviente
mixomoixaines
101112_soto
adsoftheworld
ezpartykits
AlbertoTICote
La_Confra
martosismo
virgedir
Creathead_AL_Es
icavacat
MovingMusicESP
ire7_
foxize
dimasauliaprata
MarcHaroP
TaniaTato
moonwine_mw
JmrJosestrella
priscilalaporta
unioka
Joaquin_Hdezr
matthiasmoens
SirviendoJuntos
tveskoeg
shyam_m1982
TheGardenPrty
sellescabrils
whatabiggame
pena_folenche
removeb4_flight
ariadnesis
IDWorkOrg
NriaGB
ensaimadart
Ismael_Jordan
theprivatespace
realbonds
juanosemoreno
Sarpanet
naddgar
Banda_Sovereign
AnaSimonAragon
abascalmaria
DisenoUE
angelcalvo79
marcel_invernon
ShackShiver
Aimee_Duchamp
SaucedoMalaga
OEOMusic
alex_esteve
josuegibert
NonoTbNoe
AlbertRC_
BCNmirandoalmar
fairplayfm
Miss_Annna
constesperanza
tweetdelatelier
aplyss
albertcmz
darlandiz
JonatanBertuzzi
PsiCrea
TalentApp
sevigadea
Dakaisu
andreuramib
jgrisco
GenieRivera
GoesAbogados
gafasycafe
pairazaweb
ParaqueLimpies
pwebco
HouseofRadon
BestTweetBook
RocaSalvatella
gram_design
raquirod
SantiMartinP
PAR_Studio
Inspirationf
TheCrowdAngel
TEDxPortland
hullitoys
hullitoys_com
CreiserDS
mujerquetrabaja
paurodritu
reactable
abelillador
sra_wilson
forget_thebox
pbarnola
aiarubenfm
ideum
PepeBorras
jm_fansmaker
falacalao
festivalpumo
lacintaencinta
alex_buixo
cloudsimtec
b_sales_D
Entrelaespadayl
mariablasi76
irene_84_bcn
kuxkix
NoNameRoger
_Sil_Sil
colinLanderos
multitouchbcn
herokidstudio
edithvilamajo
womcreative
TheFashionFlag
Jose_Arrojo
HospitaldeNens
anna_buixo
Teambox_es
HTML5iPad
javiervelilla
economialas2
victorbrack
EurekaStartups
mundo_mac
Gentesingle
LuisVicenteBar
ProtestantesE
ideateca
EDITED_HQ
NextMedia_
robociencia
daniel_julia
esconsenblanc
jordisimtec
davebcn87
UnionPVC
DerTinchen
oferday
jteixido
cascanuit
pilarbobadilla
Rotarg
banskystrart
xavierserra
BCN_HUB
DCMediapro
CarloPetrungaro
marioclemente
NCoinspiracio
Eurecat_jobs
BorronyCuentaN
deliriumad
esadecreapolis
VizualizeMe
Jiradatw
welovecom
planerpila
AdNeus
dazelmusic
bcn_business
FeedbackMP
barcelonaviva
gamificatics
MarinPublicidad
HunnyBcn
ianfinch
quinof
e_escorial
agostogimenez
vschrave
iskiam
d3dipo
xfisa
wakeappnetwork
AlcorconDigital
jjmepub
pablorevert
jalvarezortiz
pablocabrerafer
Grera
jilldawnsoll
ClaraGonzalezC
Say_Sawa
wallpapers4ipod
Josias
llumeta_
jorgechulilla
MiguelVicente_
PMejiasM
experienciapps
Motvion
AnaPortaceli
la_fernandez
iristarraga
Lipstickvoice
lucastrodesign
sizmek_es
manuzero
trabajozaragoz
AnicaBalles
sarahhahnle
Noufront
clubdecreativos
inigoflores
cooking_ideas
sergirodriguez
Gadwick3142
originarte
Capitulo29
copasandtwitts
marcsallent
tictacbuy
lilybanana
miaportacion
CartelChilango
blixpiera
geomer_vaquero
dperello
csancheztulla
sofiwamba
MoreCoffeeTweet
XimoGomez
dandad
TheDigitalLab
nagore_od
vamc78
Danibolel
pwflemingspirit
JettieHaverstoc
megustanlslunes
ConchiSegovia
creativitymp
Rousi
ideomp
angeldelacalle
Patricia_flores
Cascasado
enpokon
MasterDAPUV
AmazinglyClever
nuriyeta
boldpin
claurodri
IABChile
thetrendnet
rartigau
gemmacasals
gopunto
bebopstudio
runroom
yes_menoni
elblogdeanna
ifilosofia
covelo
pulpolab
now_together
hormiwitah
cafedelmal
cabimega
oriolrojals
eugenimartinez
soloadpubli
kasspuerto
str8_11
Rutxcortes
valitey
medinlu
RafaSoto
AXAResponde
KikoPostigo23
tapasbcn
RogerPerez
apprenman
sixleads
Cicuta33
guell
telepizza_es
xcolome
yenndhersharawy
PuroMarketing
BBBienByDiageo
AyreHoteles
DIDIWHITEFALCON
Tell_It_Bcn
marphille
UOCecoempresa
ricardcastellet
merewm
jfernandezr
unicerebral
cosmosingle
ohcosas
gabycastellanos
toprankinblog
tiernita123
xavi_b
SMCSpain
wysitweet
somosyouth
adrianafreixa
MarcLopen
OfertasViajeBCN
CTecno
hoymesientobien
NissanCubeESP
damsylici
XaviGasso
NicoJamesBCN
ebe
qtorb
megustaleer
NoNameProject
TM_Scarface
onemojito
MadeinLocalTf
pmereles
atrapalo
postpublicidad
marcosarteaga
alexpuig
MartaRuiz_
grapa_ws
Outletazo
totsFCB
elenablasco
pruni
thd_is
GoodRebels
Latidocreativo
Bueling
summeragency
FGrau
pedrocostoya
MrDeeJnr
bloguzz
BuscaCupones
iniciador_BCN
reyesbolumar
isabeliav
veotwision
ariserrallonga
ghostly
ylcatalunya
amalmierca
sr_cafe
ecibbarcelona
gacetillainfo
juantrivi
MarAbad
aerstudio
arreglandoesto
jordibarri
dannytoma
gedpro
BVirtualTweets
adigital_org
joabpenalva
gbubcn
masquebtl
manuelabat
pwfleming
cubod
elcarty
enrqx
_martingarri_
artofthetimes
laiacl
jonathanskipper
jesusmc
SrBurns
nuriaantoli
WilsonBen1000
WilsonBen10000
Rolandworship
otrolugar
N_A_D_I_E
kessiaoficial
almostDesign
GLMProducciones
natanaelplanes
YorokobuMag
yoliagra
ekatonline
little_andrewet
bliquo
Newman_713
CristianoSergio
b2pcatering
minube
victorgil
enricnello
dponte
mktfan
frontdays
javierjrdg
MadinSpain
stereochromo
hootsuite
cow5
pullupwear
lovepublishers
juseppe27
basurart
YouWorkForThem
isaiasrodritu
carlosguadian
anamariallopis
ignasigiro
Brandlife
maricaja
isra3d
BusProductions
carlosGagaro
dondeviajamos
emarketerguru
exportando_peru
pluralnpartners
quantum_air
exposecretaria
Ronald_Santana_
iglesiagarraf
Brandsandvideo
VANDAMAcom
minimaal
CytecK
toni_80
HondaESauto
decorario
JavierRivero
FileSocial
ismamartinez
ekilater
adiosmalaliento
cdgospelmusic
alexpirez
Salvation_
cotweet
juanmejias
jacobssanchez
or7890
cavaandtwitts
vidalesfera09
cdigital2010
secretariaplus
slope
barcelonagirl
javiergodoy
quierosermacgyv
JaumeBaixas
angie9
debserra
trinity0033
Empowered1
escaramoix
clickair
chusneo
danigranatta
osnolaprod
prosales
jmrcs
