albertsliving
In4maticNV
KDeurloo
NadiaKlinck
Coneco_nl
stijnvossen
ACornilly
laurensvdw
nicomaesbe
CakirTim
AikpaG
MaximLaporte
goossenick
gerdvb
StudioSQL
GrowthTribe
ExperisBel_IT
LutgartV
vrijeberoepen
mealhero_me
ankedeboer
GDuvillier
dinnsoft
G4agency
OhHelloJenthe
webmonks_vision
VanhoveSaskia
SarahVGysegem
swinchri
RudolfScherp
trisrevill
KarstWestra
OrgaanVerstand
ToyotaVitamin
KathleenDeraed1
FrankVanmeenen
WalleMario
LookandfinBENL
VanBruysserlTim
BdeHemptinne
custodianBE
hrdacademy_be
ZeroInConf
bjarnemeskens
GabrielAubry4
pickcategory
dubgeiser
WilhelminaCoene
PWaroquier
_Patricia____
guigeuns
EU_Startups
tdTessa
anne_baekelandt
BartBuysse
Saraa_Aljebreen
Kimberl81658639
ForesightGent
steven_holemans
Rob0570Berends
ElkeHaak
Stefanievapo
henk_vdvelde
bo_francois
michaelzachrau
dijkvaneenstem
remcodumortier
Astrid43158118
DekoderBE
OffshoreJasper
LucHimpe
liesbetverl
bierkunde
LapinQuotidien
PeterRogiest
bartmariaseger1
drjoyce_knudsen
phverhaeghe
LiesaCoolAid
ChielVanHorenbe
LieseDeclerck
ADelmoitie
patrickdebois
MontenyKelly
socialized6
geert_martens
mawghan
bartwaelkens
IvanMar95548776
UNIZORetail
svleuven
BasSturm1
DORHOF
MachielsBrecht
markKixx
SofieVYP
ondernemersvoor
jmbuis
winters_w
PaulPauwels4
timmerjan
Din0busters
Astridvanhuffel
costyy80
BlueLinesT
Belgiumcyber
StartupJobz_be
yappa
ceuliris
tomklaasen
ConversionDay
THINKwpeople
MusFrederic
benny_ca
MarjaHeinisto
ThePublicSpace
KoenMeganck
shru_aeroleads
CaprioleBE
JaguarBELUX
Visit_Tehran
Talentoso_eu
eatinseattle
ChrisAndrades
pieterb82
VanMinselKenny
Annvanbelle
georgecody10
AtlasSteve
SaartjeVDD
EvertDHondt
Nichorlasfelix
HatimElSghiar
Mensbrugghe
Champ_Payne
Larry_henry21
josephjames7080
asgbe
BLCC_
ryan_bennard
WouterAllijns
bedigibe
rapeyzze888
KPCGroupe
LiesTielemans
kdenolf
klytamenstra
mariskaaantjes
debruynpeter
nico_vanhee
HR_pinkway
vldsdzelzate
deleul
SMakrache
NoraSmolders
jelle_vdv
MrScottEddy
Beurscoach
AndyVermie
TvSopner
povnuffel
EBetsbrugge
sarahvvonk
Sylallemeersch
Alpaakso
Isabell09786069
HUBDreyer
meetmemagazine
SbastienHimpe
NaomiScholer
NicoPraat
lieven_demarez
didivanc
Sarahvln
TheSocialChain
Fozzy40Sqn
Don__Karleone
Nine2FiveBE
TehMorningstar
koencatteeuw
ThierryDeVynck
KimBastiaens
officecapitalbe
lukpijp
InPlayWeTrust
wvdbevlogenheid
BartVandesompel
PhiCo
HansVDD
FutuRHNamur
EvyPodevyn
LMWVL
S_Ingelbrecht
v_vanlierde
FoulonFree
Petvdb
ludwigdelanghe
EliseLanghe
gaillezb
machteld_kippen
VuylstekeBarb
BDBELGIUM
discover_be
david_vdb
Hudson_BE
jandepotter
TLietar
digityser
AnneliesVerhaeg
angelocallant
bvlippevelde
wandverslag
Pinpoint_BE
Sporrewoan1
leensercu
ictmusings
MIG_MEDIA
Humbletm
LogicInbound
ALeynseele
gioveerle
stefaankerger
Securex_BE
HuysTine
BritsEllen
Natascha5
JBastiaansenx
Monkeytales1
RogerSeetn
asuetens
Johanbres
watt_factory
DenyLinus
huybrechtslouis
BeterAnders
NadineHRpro
JoostFonteyne
JesseWinderickx
MichielGeurtse
KiesVoorDeVries
thverh
SuzieQew
bijengezoem
thomasdrmartens
SelligentBNL
StuStatt
petitieBE
authortommeyers
ingeesselen
Vandenbog1Ruben
SVanVooren
MaximVnh
GVanLierde
wouterastrid
foodiliciousbcn
Kim_Severy
Ida_Veldeman
BbLittlebb
maarten8819
nsienaert
JanGuldentops
getronicsbelux
LalynnW
kurtgesq
Plutomeisje
JoeriCasteleyn
Sofie_Verh
Verschaerenwes
JessicaVdGucht
Fietskriebels
jartois
zonnehoeveprod
dhondtvolvo
spaceshyp
Plato_OV
sannekevcp
AdvocatenVanLoo
laurensfagard
dieterjanssens
SMABelgium
CRUSHmedia_be
SaeysLibby
BNImercator
Aureliekevc
TheBPRT
ArneVanLoo1
nucleus_hosting
BMnus
_carrette
Bibliodroom
AloisPauwels
benoitdenayer
living_stone_eu
tom_lefevere
TomasChinikas
anvanavermaet
BEDENKbe
jessvanhumbeeck
celinep
brudelaere
nickipaepe
elnamar1973
Talk2Fans
QuickDrawVideo
BierCollectie
Rossignola
liesbethmarckx
HorekoBE
JensyGee
Metal_Pattyns
thomasdout
mleblanc_design
ilsemarien
Ghently_be
CharlotteWortel
joshsteimle
WeHeartTravels
4sqSUde
4sqSUcy
PeggyPeggy14
Kint_Jan
nelehiele
segersbr
SindaiBanzai
simonlaval
Marie_vl
BartVL_71
M_Roelandts
MartijnK
Hnah07
SandersBert
FoursquareGuide
avanoosterhout
_L_a_u_r_e_
svendho
DominiqueSTI
SCarteur
CathVandoorne
PatrickSmulders
iiene
dehappycoach
custodian_be
missmaesen
LieselotVanMol
dimitrinaesens
IngeVanBelle
TonteChow
NiluferYuruk
GrietDeMeyer
ilde8500
didieeer
globius_be
VanCampenhoutK
lekdetect
MichielLeen
rehydra
heididelove
Christophe1967
ElisaDoutrel
TomShaw__
glowrunkortrijk
robinwauters
GertPeersman
Willis1971
dirksmeyers
VsTrash
JulieVerniers
jbamedia
yveswalravens
ArgonSelectie
VanDenB03661003
DhaeseBart12
EtienneMorue
sevidm
delawareBeLux
CitySpaGoes
CaroHombroukx
IlseVanHoecke
EllenVanHoof
Driver4youu
Jakency
Printsta_be
dannydevriendt
Britt_De_Roy
army_bing
VBrees
Inktvos
BackerMichiel
Brabot_be
GeertHeylen
Meta4B
KevinVerhamme
IPMetroConnect
StevenLmbrchts
_digitaltalents
DeblancMelanie
olearysbe
stefaniedegroot
NickDeGroof
JoopVerelzen
DanaKetels1
Scobleizer
svds28
rienvdb
joaoairon
BrandPe
sylthamo1
AngeloBuyck
ElsTibau
WimLefebre
fifthavenue9700
zattentweet
pietdm
MrtnDb
CreaThingDesign
MatthiasGalle
flexhasselt
MichelToremans
Sandra_Vanneste
koenbert
JelrikMarechal
iezaza_m
EefGo
AnnSophieH
Schuermans_J
deefken
Elke_DP
uxdeutschland
tarekalsakka1
TrapTwee
DoraGasia
froanc
waaromweetikdit
PassionWorksHR
VuylstekeJolien
valerie7hant
textgain
DeMerksmederij
koen_van_aken
tsarin_s
TimonvanGent
Redcliffeprint
VeerleBreedveld
messagieb
prdsutte
Ingridstes
Didier041079
monkeysmidnight
patjewvl
Hermantwi
DoSchouterden
KaFCoe
bartdecl
PrivOnderzoek
Gift_2Give
PopappSocial
BrunoDeneyer
Tomas_ev
mattiasgeniar
sarageets
StationschefBMO
micheldeboodt
kpellegr
RobbertRM
JVerlaeckt
Connect_HC
eli_peel
DavyDeMuyer
CeSaubain
TessaDugardin
davanac
PritySillis
yaesaert
frankbPureSolut
loetieke2009
BrightAdvocaten
SonjaNickmans
fediprolab
jouwgoesthink
diesel20100
FAMnetwerk
clickablevideo_
lobke_vandamme
VixxHotel
smalapple
khalis_abul
NestorJobs
brittanymejia15
BartDeSchrijver
MartinsHotels
WilliamDN
Lewieter
MichielCoen
digikarl
backstaybar
michel_helen
immonobels
EffiJonckheere
Cleejoow
JCISmartCities
CharlotteMeires
Evydebacker
GarikeMoossens
CX_Tim
YazDum
RebelMouse
alex_v_b
AmazingPlace11
Sajanku76784454
savermeulen
stronaut_be
Jong_Liberaal
KatrienPieters
bradiobe
NielsCallier
CoachteamCom
bloovi_careers
Boekenpunt
AnnemieDeProft
matuvu
HeyrmanRonny
ginoespeel
equineteurope
Jeroentl
nico063
lereposdazur
Meuleke
Migito_1979
Algharati
P_VYNCKE
0475_31
deklippelv
GilDrossart
KarolienPruyt
SocialreachHQ
PSABelgium
SamStae
mschenk
BruyneelMarc
Joke_Bruneel
Nibotnis
JohanChristiaen
HC_W
vredevol
ImageMagnetics
DavidKommaBoard
KurtGOETH
GuidoDutoict
FeliersH
10etje
FilipDeckmyn
ChristianDellbe
lienderuyck
c_debacker
RatPackAgency
gem_Koksijde
PeyskensPeter
cedskywalker
Eurocrowdbe
Verxe
JLooffen
ashrafalaswad13
VanCaenegem_M
isemekpanglory2
imec_mict_UGent
lyricsbonitas
BeerensMyagi
XarbraClaudio
MostExclusivCar
fitfoodiejazzy
VanheckeTim
4sqsusbelgium
PhHuyzentruyt
accent_jobs
SYNTRA_Brussel
CamaraSekou669
KatrienKeuppens
iansegal
eveliiine
marcvh61
Esther_Matton
HansDusselier
ReggyMortier
marktmomentum
HakimZemni
PickvitaminSH
wapict
askWellPlayed
angelique_voet
Erekle_kip
roelandpascalo2
footyscoutouts
Conny_VDD
LokoCartoons
dvb_racing_bvba
Evanland23
beachbumzgal
JonasLefevere1
LavigneJulie
RambourL
FlorisDaenens
bewde
Davidtwit007
spiloy
WalschapMath
DierickxSte
PurasanaBelgium
pascalroeland4
MichMee
cyberflik
Hdenecker
Gointeractive11
B_kantrenvkippt
janclaeys
TheSalesSummit
robinbertels
Iraqesque
EveliendF
desire_dupas
JulieLietaer
wouterdekemel
connect2punt0
sophie_vdc
SwetaRamdas
smetsjohnny
Hootsuitehulp
DieselParis007
Garfinkiel
Diewilik_com
PatrickVanaerde
DigitalGert
OutsiderCoast
Verschueren_P
SonjaKonnektit
yveskewindels
Malik_Azzouzi
loeskeimes
mohow
SimonDergent
RolfAdema
LimpioyListo
TIO3Ronse
Make_it_Social
fotograaf
HannahTKeet
ddanck
InAnyEvnt
cityjet
Sophietjes
HansVanGlabeke
TheGoldenChoc
HoekAfBoek
RubenCeuppens
SJDeputter
FredDupont51
GDelobelle
rene_raymackers
TNMChapter
FienLammens
BertReymen
_gtimotors
BABBISH2345
claeys_ellen
Lenovox86supprt
Timvannieuwenh1
Bridge_2S
davidengelen
ClaeysIngrid
mevrouwvanrooy1
joto1979
jezusfactory
JavaCoffeeComp
_JoyDekempe
ahmbaab
jamesinterested
karlapers
FUN_GHENT
wimagsteribbe
Sourabh11199508
bart_bockaert
mieshellen
elisemaes
elinverc
petie_delfuego
FiereMarijke
ameeldc
RominaVDH
evyvanryckegem
FacClubLeuven
vlaamseoverheid
ZurHoell
HTB01205037
erik_krick
SigridDemuyt
KStickens
AnnStael
KingsberryBE
Anton_VC1
StopDarmkanker
TGansbeke
AnneliesGeneyn
corhospes
Gspeak1
RichardvdBlom
DigitalRocksNL
EEEFbelgium
Soofos
JensDeMulder
MineCompanion
VintaWines
unpluggedleads
Greenwater_nl
Johan_Lemmens
veerva
Robinrrl
LaporteMyriam
GoogleAdWordsXP
VOKA_ADeClerck
trendelarbo
LucRadon
vorstniels
landerdewaele
EvaVdc
Au_toi
stefanvanbaelen
HendrickxPieter
IlseDS
Felix_DeC
ducatteeuw48
quinten_maes16
lievetr
SollicitatieLAB
ericosborn20
FrankDepreitere
CallierKurt
AboutJens
Liesjevdw
Toon
DriesDecorte
sofiekint
LimburgnBuisman
KTroubleyn
grietje_grubbel
DreamLocBelgium
Harvest_HR
ZoVanDieMensen_
_PieterL
michaelcornelis
PzGbergenLierde
ZwangereMan
FrBaert
PiadeWijer
Brechtha
FocusWTV
aanneming
wwwabo3marvip21
blissbohemian
BWaregem
EricBroeders
ArteveldeCOM
IENouwen
joris_fontaine
KaatVanseer
leovadeli
stephyEtienne
MajDanPantaleo
algemath_be
alainbelaen
DorraJayne
sophievangucht
xacorekkem
kaaatx
StartupBusBE
CarineVanLier
roloog
PedroVanPoucke
PietroIacopucci
toppevermeulen
Stad_Waregem
Forc_it
SamDierckx
FeedMe_Content_
reynderseline
StefaanLesage
toonbelgie
eva_vera_dem
Kris_Tus
visittournai
Intracto
higroup
JohanVerstreken
stanlaur
timgovaert
papujugukiw
InterActions_K
wim_devisch
joemccarron1231
DombrechtFilip
DeStef7
waregem_koerse
JulienProesmans
LucColemont
VicVanhove
thomasvanhemele
MarjorieVanbets
artrestaurateur
LubzMuze
combell
BugsMonique
MelanieSteyaert
kristamichiels
glenndepotter
Tsjell
jan_homan
f_roelandt
Social_Traveler
frederikbrugge
Ge_Te_Oo
hetjoch
Margoke
leenta
Thorsius
LeenLeve
SWerkers
isabelle_cloclo
jo_libeer
asadventure
FocumBelgium
ShambhoGent
BeaDejonge
KathleenVerhell
Stephane_Baudin
AnwiV
vannelke
MagaliGeens
ronny_smout
MoreDigitalDay
HaeseLuc
BNPPFBelgie
klagrou
GaufrysWaffles
computerhulpath
VincentDeLoore
hcallens
noelia_franco
giulia_van
martizio65
saravdv
Gratisseksnl
OptimumWeb_nl
wardleybaert
royalgala555
peak_6
PopUpClass_be
TmthyClauws
sishere
hansvoot
RenevDensen
Breydelham
MarioWillaert
IsabelleDamme
SMacVandaag
BamouneHassan
oktem_se
reikimaastricht
IkFixhetvoorje
Sara_Rachdi
sterretje8
CoolTalent_JOBS
stevegoethals
NielsBsmns
Gem_Terneuzen
LabelCrush
fredericvanburm
Hanne_Devaere
tomvanlommel
FDebakkere
inge_dierick
VanlerbergheS
DigitalBichard
AnnemiekeDubois
KasperVervliet
kristofdcon
Leadmap
BE_GirlGeeks
juvankempen
medianoord
bobby1999
benoitstrauven
Stelcon_Belgie
Mannenmetsnorre
Maaike_DW
dumieke
julienbrassine
sixadvertising
WazeNederland
vlajoalumni
BlueBeesAgency
stevendesaegher
startupjobsite
ilgamosreview1
vensdevos
MijnKapitaal
Char_Leroi
delta_centric
DengStudio
MichOverdorp
Mouliom2002
WimVanRespaille
DCollumbien
DXsolutionsBVBA
Tomme10
BertHillen
lucdhaese
j_delandsheer
EFF3CTbvba
976353f1260444f
pidesc
rodibazz
kavikrish20151
cindydesmet_ahs
JohanLadang
inge_collet
JCIBruxelles
ibutlercompare
JanDeVos
lampiris
thenextwomen
sconstanter
TickleMassage
BreerzTim
connexi_eu
NancyDVogelaere
pekesenertjes
ESFVlaanderen
WintersRoel
innovate_smart
JackJobing
stijnheytens
BrunoBrynaert
brambruggeman
peterdedecker
outdoorwinkel
VeerleGoossens
eklijr
akkanto
verhelst_s
BiekeVB
DG_Report
CoachingSquare
verstraete_rik
luisterboek_nl
dewlanna
Smischken
clemarcq
DhontTom
Kohera_be
WaregemGolf
SDDBags
Sven_Maerevoet
BarbaraTorfs
SamBaro123
jeanjofficial
jorishermans
arne_vanes
Cvpottelsberghe
BusinessNights
louisedejager
Xavier_Parduyns
joline88
wim_meuleman
Woordje
NicoBaeten
EVanhooren
elke_sandra
TimLeytens
GadoGadoGent
dietervern
ShortcutAd
biossunbenelux
fdewever
IveDeSmet1978
IsabelleCosijns
kschoutetens
tomdebondt
StefanSoutaer
markvosriemst1
MrMichaelTV
RashelShil
equipehaircare
DesignregioK
LisaLeysen
BartVdBrande
WebshopVakbeurs
LDeVilder
kortomvzw
AgencyNewsBEL
CharlieMagazine
Tomorrowbrand
Christophe_JDI
J_Schokker
proximus
MissLaVraieVie
dwvdevriese
TomHertsens
ElsDeDeken
FermacellVL
socialseeder
MichaelBoudry
icreate_NL
jecoene
jeroenplanb
VlerickMA
KoenLesage
ElsSeghers
HowestMKT
totogast
cnockaertfreder
EddyKilmer
anreynders
storycatchers
FBoyen
Federgon
ZekerVHZaak
jakop
backstayhostels
BerndBosma
stephplayground
nielsfiten
twoods54
bertgoessens
RemkovanRee
norbaen
MSmesman
vvgool
stijn_nuytemans
mons_culturelle
silviaderom
cafeine_be
RAAKagency
flocosmetique
JeroenPeeters5
RenzoOttoy
CVeraverbeke
herr_philipp
vdbergeert
bestcarinc
Delphine_LR
jannedecloedt
CatAtAlliance
AgapiKokosioti
KDB79
HalleRockt2015
VA_David_Liviau
KarlVanGoolen
ericsaniver
drastictom
CMBandSMB
jelanbe
Libarosoftware
BSAE_be
JimMaes
ApetiteApero
elke_klink
anjaneyaprasad9
WEBRANDbe
vuurtafelshop
leenknecht
frednaessens77
ImmoSiR
JanBoudrez
Jasperrvl
AnthonyP_03
thielemanspp
StarTracFitness
svekeman
Christophe9880
AnnVandeVelde
thisisdjoene
terrasheatersXL
LaureRabaey
Boel1Nancy
KaVanHerendael
translucid_be
ArneVandeVen
wvanderveken
SofieGeyskens
CSICOACH
factsCruncher
TeslaWelkom
SecretSanta4u2
BasementCrittrs
philippirard
gertbaudoncq
soc_h
GoBirdhouse
lololovebelgium
iMindsMedia
Starbucks_Stede
depoorterlaure1
AnneliesMLG
toinvm
EviMaquoi
e_clue
Vince_DD
marcjanseghers
Brett_crumbs
BartMeese
lorevanbesien
jacky1831
chchopper
FVHdetective
killiandl
daviddamman
Mannazvzw
CorneelTheo
HubertDeMeulder
fourcastio
DirkRemaut
nathaliebossie
Elke_de_Bie
virginiemorobe
asevenhant
christophetoye
ahmedaslan98
ttompost
lutchafrederico
Piekerniet
versyck
startpaginaio
ellendupont2010
StienVerbeelden
DeBroin
Bel_en_Bo
Joenkere
AddValueG2M
OMCollective
Li_se
KjellLanoye
ElByrs
woutercuypers
NickVinckier
pbuytaert
tim_deboeck
CBDreamhomes
3t_win
KeppensBart
TripleTwin_dp
misterdoom1
JulieInsacco
JoyceVerhulst
moenaert
wvdverre
SamDBr
GuyWilssens
chezgeorgesblog
inge_van_noppen
ThijsVisser23
bertm
idzine_be
tinneke_MDN
nndeneckere
lucgadeyne
OWSchorisse
cozmosBE
JensIvens
Marco_Pirlet
safeonweb_be
StefaanRogiers
Promgifts2014
EefGhys
MargotDeBruyn
EvHarck
veerlebonckaert
bvriesema
moz1210
helenapynte
CarolGeens
svandenwyngaert
InfoMoke
Justine_Rouck
VandewalleLotte
Licht_Uit
VickyVermeulen
Ellyke
My100seconds
glenndewilde
gtje
Stede51_
DeVerkoping
SarahCallens
liessse
KristinVangeyte
info_mkb
Marl1nos
vuurloper
TrackBossBrand
jelle4782
GalerieGanache
AnoniemeCollega
drubens73
lennartsegers
testoyop
stevevaughan4
Den_Alex
EddyVanDaele59
KrisRottiers
PoppeJurgen
VeerleMertens2
TravelOnSite
philbogaert
2designbvba
vandebogaerde
antemmerman
willemsleona
GenCreatives
dirklaverge
post_for_me
IngeKLR
carmendesaeytyd
BuysseDidier
iulia_baciu
emilytaylorpf
AdrienneCrowl
TarikKeke
DelightFULLL
christophe3_0
KennethDeDecker
TimTMPR
JOC_NL
ChristianDaems
TechMike2kX
chavdajayesh83
wvisterin
Mavusandy
StephanieGille
CarrDuHainaut
LislRogier
A_Boogers
eksturstore
Soofia
LatonyaLat
riskmover
Maarten_Te
careerbox_be
magicalvs
WeekbladBazuin
kennymatthijs
charlottevanst
vschatth
CarolineRolle
BlueAssist_DtC
maaikedeporre
janssenliesbeth
BartVanHoef
AxelWeydts
manuttiofficial
wardmarkey
161_gas
myriseapp
ndutry
CamberlinWendy
erwindanis
ThomasCoorevits
TanguySneeuwbal
Joris_Gulders
PeterDeReydt
hofmans_steven
KboThomas
RemarkableEU
johan_dm
DominiqueVdHove
DeKimCa
marcbresseel
commotie
AnnRoegies
HumblebragBe
twyffels
RubenEvens
Earnieland
SpillieTheKid
JrDevriendt
karootje
francishuysman
dauwes_OptiPost
CrolTweet
2ndlinebvba
rvandesteeg
SchoofsNele
JoCorthals
jantie123
vrtpano
HerminePinpoint
jogijbels
wouteru
Frebruninx
leenfourrier
paspaulis
WhizXpress
tenbrey
dirkpauw72
Dailybits
depoezenshop
sambackburner
Pieterjanvl
Paultheyskens
jordyhex
tomclaus
Tdekkers75
tooncraenen
jfverhulst
meon
HistoricusRob
ringlord
Highflydotbe
tomvanhoof
HeidiCamps
BjornVanReet
johansimons
gdegaspari
GillesGoffart
Patricia_Desmet
showpad
dinamiek
detoxrox
bdbuser
KatrienGorissen
BertCattoor
BertisHier
digitalbase
Kreejs
Vincent_T_
cordacampus
elidesc
enidbalemans
PascalSteenbeke
ALagaisse
Swipefest
WazeBelgium
veerledesoo
marnickvdb
auayas2012
DebbyWilmsen
BjornMinne
Ibrir_M
TreeleafMedia
nomadbelgian
SBMopleidingen
ActOfKindnessBE
SpringbokBart
technologium
pieterfra
TheElektritect
PieterDeMil
sarahfacq
HeidiShare
timelessbvba
mpootje
anthonyvanoyen
TomVanMieghem
GiGi_ness
DAdriansens
nextapps_be
infol12
kalmes_web_foto
Fournightsgone
nicoderycke
LVeselovska
peter_th
JustineHdeT
joannagreen47
jonasdegentbe
Geert_D8
JouryColpaert
OnlineMarketeer
ElleDeKuyper
cogetix
u865026
Jackie_mahieux
KatrienDeHert
orbitonetweet
svenlenaerts
1965VP
vanheveletienne
AnnVDCasteele
stoipa
LievensCh
tompie1970
YDesmetz
priority2land
mvdsteen
VeerleVerstraet
lienlienlienv
IneCallens
grietv
tjattie
MattyPaquay
innovationbvba
TheReference
hellobankbelgie
hellobankbelgiq
thijs_wendy
DokterPepper
LouisPoupart
TahaRiani
Hanne_DK
VLCMbe
kbuggenhout
vanermensander
Panenka_Bart
PatVdbroucke
mattwilde66
fdekens
vermeulenronald
GTattar
BruggemanH
madeirap2
ivomechels
digimaniax
MadameGitta
MadameGitta
guydemeulenaere
Play2impress
valeriemaes_
BenMievis
StijnWindels
MondayBelgie
G9LDEN
lodestar_be
benoitcrochelet
koenvino
nuagebleu5
traagpaard
VermeulenKevin
nick_vandommele
JurgenDeMaeyer
mstichel
BertMestdagh
RenataHeslinga
_HnnH_
JurgenRolly
miguelmuinos
jsvanulden
digidak
Walravens_M
SpringbokBrecht
FilipMon
Twitinfo_JMG
gosocialmedia_
Brennan_Quentin
JimTaylorOnline
TimKras
AdsofBelgium
dirkvdv
Bruyfie
HbhBart
devlellen
FiliVerstraete
DGKenneth
TuaCucinaLtd
VickyPersyn
chantalvandevin
yeahitsgarrett
boxsterspyder
mrs_risin
greggweiss
kookboetiek
jozefdeborger
pierarjarno
LagoaWellness1
AnkoudEl
bklaps
AnBogaerts
BramCooreman
HRPlanetNV
PRAKTIJK_PCLT
intentif_be
AnthonyMahau
Severine_R
PIConference
stibor10
MeetMagentoBE
EllenBuntinx
FloretteV
KevinMoeyaert
Margalliti
OSPInteresting
FilipDelen
JansensKatrien
Nicolas_Chri
RONVERjoel
1anyway1
eghes13
wimvanleuven
bibsintniklaas
JanGeebelen
MrLagrou
Mat_Ver
JCILiege
Sculptureclub
inereyntjens
lermyttemaarten
molmatt
katleenteck
stijnprofacts
MaasJoan
LiesVanWyngene
KattooHi
wellysan
BesteGentse
Vanwynsberghea
JLybeert
Modis_Belgium
Cocktailflvrs
VannuchiEvents
mariearnauts
al_Martig
nicolas_bruyns
aquatechnobvba
SVangeersdaele
CeelenConsult
HansTjolle
MiekeVanhuyse
wimschiettecat
desmet_tho_mas
FelinedeGraeve
ondernemen2020
liesheirman
Maggie_K
HolidayInnBruA
jos_wouters
IngaGijbels
OTBOndernemen
LiesDekegel
Praveengems
VOKA_EDeBruyker
CatalystBuzz
CasayaSpa
KurtVanMoeseke
__Glennvdv
funkyamp
oneHRone
ChrisVenken
JasmineVranckx
CarineStorms
VdeLynn
StijnDecordier
KatGoos
taxadvice_be
Sa_Schietecatte
kavandenborre
XSocksJP
Robbastique
Polabora
RazlDazlRalph
Sjlot
SofieDeGrauwe
Koen_Verbrugge
MBhandekar
JVerdickt
PhilipDejonghe
karinvanhees
Isasoe
StafSteyner
debaeketina
TaakMultimedia
ztevenvp
Isabeau_B
JLanssens
mirabelh
DeConinckBart
SinksenSinging
jeromegallez
kristoffelburez
deOosterhoeve
Wast_witter
BMWDejonckheere
Wendy_DeGreef
kristofdemuys
HansVerdomme
RentaMusician
itworks
genova2
KristofDeclerc1
Joetwitloe
epeleman
annnaert
dirksmets
burssens
marbles
anabeldevetter
GSMHelpdesk
maxmanagement
pixasluc
IncassoBond
CielkeVaes
LievenF
JoycePoelmans
tomherrijgers
omani400582
mdecroos
PierKornel
frederikhautain
TomGrammens
UllyUlrike
Phine_DS
tidesmet
PIQUNIT
bstoopke
Kurt_Goossens
KeyCar_Be
MmeAdamou
vdjelle
VereeckenJonas
Suske37
sherpaan
Whaaw_be
JHerregods
DR4WARD
Spurrit
des_pete
gt_td
Klaravsch
ingridcrommelyn
Ondernemersib
Bcropolis2014
krdemey
RVeeCee
celinestevens
BarbaraLenssens
HansRyckebusch
Ellen_Depoorter
KRasschaert
eddy_vergauwen
ghentlemancl
Iris_Raman
ArendPijls
IlseDenolf
cappelle_veerle
PieterVnHuffel
JoeriEloot
MBrackenier
sofie_putte
katrienvanimpe
SarahVullers
BVanorshoven
LauR3y
dirklangie
the_firm41
lievecoucke
WimVandevelde2
BaertBart
VAPVlaanderen
wBenjamin2014
VOKA_Limburg
broes_sanders
vreewijs
VivaVos
Marnick_Life
NathVnd
DeClercqEric
LaurenceRoelens
RedouanAhdour
WouterVullers
Seanhuys
AnnDrutti
BEtoWC2014
PROWES_training
JonaMichels
TimNaessens
kellydepourcq
WernerVanHoof
twinterestink
Chimiel
christinevdb
Cowedia
TippingPoint_be
KathleenAhearn
PeterReekmans
twitnit75
Wijnbestellenn
LoveTheVar
fcbruges1987
SarahDetailleur
ivanhaentjens
TomVandeCruys
rroemers
VicAgrawala
Wynsberge
Ksnowman666
willynaessens
TwiceAv
leiedal
PeterDoise
Stijn_Loebas
fienfleur
Editiepajot
JensGovaert
SaskiaXpo
pvdj446
Isivalue
CarlaCrommen
g_jooris
HeidiWauters
Va__Ra
Wittenstein_bnl
VWFvloeren
BramG_
ThierryVanParys
tomdebaere
miek_gielkens
EvyDeTroch
trooogle
melanievdb
GregorVelz
onl
nele_breyne
karlvanhoey
hashtracking
someonesaidbe
minouesquenet
TV_Acker
Jhoubrechts
Jobvnieuwenhove
scorneillie
StarterHulp
TimVdWalle
els_meyvaert
KarlMortier
venicuela
S_Bollen
JokeDelrue
ChristiaensElke
KrisHenderickx
carlvanmol
ovdbroec
Skill_BuilderS
DO_UGent
lipolaserBN
AssistStudie
UrbanStoriesBE
GreetVanOost
kristofschils
BeGrowthHacking
LiesbethC
NMeerschaut
DirkOpinie
wdeschepper
YvesDas
karaatbe
TVanfl
sofie_bouckaert
kderoeck
NilleV89
MarionDecock
vandewielekim
gretavanheuvers
kodel
kelwouters
sphinxcinema
shary_vc
Stevedeclerck
guymuesen
peterdehamers
IsabelMeeus
GParidaens
DesmetJoren
wardvo
Lajfi
ameyanisal
SeksFeiten
MellissaBuys
HsNele
Gt_HHS
HSchuyter
vanHijfteBjorn
PrudhommeJerome
KristoffH
marcvandaele
SebastienGernay
lekkersmoothie
CottonClouds3
HRMinfo_nl
pnyffels
BennyGoemaere
BCDKortrijk
Joeri_InSites
VickyVertongen
ijlancoaching
SieneVanHoorick
bizidee
_gentrepreneur_
Michielianus
angeliquedupre
GreetVdd
BelTransport
VlaamseTweeps
sam_de_decker
NCN2014
L1dejonghe
Houthoofd
Gentle4Ben
EduNextvzw
TvdReijken
OlivierRommens
Dietermeurez1
Capargus
erwinvandijcke
iGotitMedia
evo3co
FilipWaegemans
kennethirvine
ThomasVanhoutte
wopbrouck
OlivierGeorget
DavidCatry
BRUTwestival
hdjejacobs
rlisarien
stephenlernout
DeBistro
ejiii
RozEvelien
WoordvoerderVLM
afroukh81
DVanSwael
Koenraadd
kendekort
bbhakunamatata
Negotiare_be
nahoekx
FantasticAgency
Memocan232
FDerous
Barrry9000
YEuvrard
michelvdven
stevendeleus
smdaybe
XRogge
Wolwereld
Attenzi
SvenVanbrabant
kristofbossuyt
nnekeR
c_pauwels
fredmeul
fffine_com
ChrisNauwelaers
Safeshops_be
Fieeeeh
KevinLambrecht
TeslaTrans
Johan_Br
LienSpeybroeck
WVanderstraeten
KnackRoeselare
vandaele100
AnianaT
dirk_sabbe
Laure_DW
IngeVandeVelde
AntonySlabinck
joaquin45477830
EspirationCentr
philipvermeulen
Talent4Retail
rbeland
Terrashaardshop
beredesign
Ksafke
JBoudrez
SocialExpr
t_claes
GhentAv
vinddevis
marcovanlaere1
hole18training
buromeijer
RobVanZele
Bakkerbjorn21
jennyjanssens
publiekcentraal
IngridDeCooman
koenraad4
damiaanactie
MyGlasses_be_nl
tomasdeman
LuminosityCA
machtelddeprez
BrunoDeKeyser
FrankAmelynck
JCIWaregem
SanneDutry
LievenDoise
PaulNaveau
DavidPhotoArt28
CarlaRavert
DMInstituteBe
XtofCn
zaraliefjeboy
sylvieke28
C_Statsbader
CNeuts
PetiteEglise
VeerleCusters
vverrydt
DenoyettePhilip
deluipaard
ZichtWF
Twinionite
kristofdewulf
sorendejonghe
tvannieulande
timberghmans
renaatsteurbaut
Ej_roes
sallyherygers
macmys
DieterMeurez
JCIEUKHT
asajean
KDeruwe
MediaMausNL
kvanhofstraeten
NicolasFrenay
SocMedFridays
Mediakruispunt
BigfishDim
noel_vlayen
ValentijnMKB
jwboissevain
StefanieHeye
mbeudaert
wardvanos
nelvdamme
stanseel
ATR_7
C_Dekeyster
KatVanMul
m_ternoot
MonCecile
LiesbethDclercq
LouisWaelkens
KoenStevens3
aber_valerie
danielledewilde
evaboffe
Dirk_d_V
goevurindenotto
Nicolas_Neo13
svandenbogaert
reinout_vz
BrnhrdDM
wbtdubois
Luidprotest
KirstenWillem
ColpaertLude
PJViaene
jodenys
DbKris
Koen_VDC
Christel_Heylen
LMDenys
Ollies_Shop
GlendaDB
tvlemmens
simongryspeert
christophetangh
zeb_sitompul
visitgent
WaseBC
SoBuzzy_BE
michelle_vl
miguellesy
dim0
mentalsquint
SergeCornelus
akonibe
PerlusoWebshop
decoovi
IngridLarik
instadeal_be
Highfield_IS
depuydth
YvesHanoulle
PuckDS
771828832
SamClaerhout
b_aerts
Mmartain
BredaStijn
OPTIEKVDLINDEN
fietieflex
DeMinnen
LynnDevlieger
WVL_Mooiste
SebastianVdS
SourbronM
svenram
bartvancauter
Felinkbelgium
philipmeuris
FraussenD
KVandecasteele
heidi_dedeyne
petervandeveire
fbastiaensen
cengizhacioglu
gothefusionway
EllenAelterman
ThaisL
Twelve_Kortrijk
PimDeSmet
TravMagazine
nestvanginderen
FiliepHerman
TimothyTurner13
filip_simoens
channelworldBe
geertalders
gaike_the
TEDxBrussels
Ankervzw
Patrick_Dejager
SabinevanMeenen
PimVV
AnnasPlaceVIP
hguns
vlaams_brabant
Unizo_Oud
AliesQuaegebeur
MichOpgenhaffen
FilipHoremans
cisroets
dewaeleyannick
BramWuyckens
jokkerino
man_romero1
KatrienVandenBu
halunabeveren
IlseHimschoot
Guntheros
peter_remans
IntroduceRS
WimLiagre
VanBaeveghem
denBrek
kevinheylen
MyBBallStats
keukenconsulent
StefaanDePlus
brunovermote
Rik1309
JCITielt
stevenroesbeke
DidierBlokland
Stimville
2voor12training
ChristelDuthoy
gloriot
relebaut
GeertsBram
lamine_michel
jorisbeullens
dannygui3510
vitlmo
didiervdk
vanderhucht
Ensonecompany
colingoeu
rikaponnet
Paleisnet
Elandenvos
4Psquare
JROEN
lamazone
Jccipolla
IneGovaert
pilpot
SYNTRABedrijf
ThatKindOfPeopl
TMarijsse
VLAIO_be
ProfDirkAvonts
thalieneirynck
NicoenJezus
stijndepauw
BelleNaessens
BerghmansWim
PigmentBe
ThomasVanGool
FleurLievevrouw
artwodietwo
jwalphenaar
Stijndf
AT_Transelec
NilsVanhauwaert
GetMeATW
alainmoutonVL
johanvreys
LieveKeunen
HVanSebroeck
GwenKuylen
HRCBrussels
DrinkGingerLove
JeroenDelbeke
robin_roothans
Nixxio_dc
Bspeler
drcomm
pvhertbruggen
KimberlyVWD
socialmedia2222
lisclaes
AmbianceMobile
FionaKetele
Learn2StudyGent
MotioninSync
HvanSchie
TuttenboomAalst
fonsvandyck
Kimmcong
hanshermans
het_salon
AshworthCareers
zofie
gentjazz
Bren_DW
TEDxUHowest
FFFTournai
Laaikjoe
mdevrieze
JeroenLissens
SoumayaZaougui
peterkes
ChloeLaire
Joris_buts
PeetersLaurence
Lexy62
lvanhulle
sylvievn
Semsuuu
CreAalstivity
Hanecam
DiekeDP
VeerleSeymus
jeroende_block
Hove1Van
cedricdec
lemaire
JessDobbelaere
aukispot
WimVH1
Olli5555
HoediniBoys
Chief_Social
sarahvanthienen
Dieterv17
TMNGlobal
MattijsAmeye
idealabs_BE
DirectIT_BVBA
Lesso_
FILIPDEMYTTEN
SophieAngenot
EVinActie
rik_lagey
KWaegebaert
dorienaerts
stadantwerpen
perryvanbeek
gaerts
JVanhorenbeke
smartens
tamken1
Veerle_Mindset
LucVidts
Kristof_Finck
MarketingCheeta
hosdez
HaraldDeBeuf
DSTekenbureau
fjer_bxl
SaarBorgoo
bertheymans
marcbell64
johanvanspitael
Hanssim
DidierHeylen77
prossey
DJBuelens
SylvieVdPoorten
JorisReynders
Lindsay_VDA
CDhaenens
SofieMaertens03
JimmyCowe
feersels
Broeikasaalst
GhentSW
IAMTALENT2
ilserubben
JokeVanHuychem
DKaelen
KoenraadDecrock
SLuypaert
Stefan_gent
vm_steven
IrisVanDenDaele
the_stef_han
cocoapower
EU4BE
AgentOrange79
EvanVdh
Goalpartner1
Catscomm
BVLG
JCIAwardAntwerp
WietskeMoonen
steFFieSSs
DirkClarysse
pietbecel
tinafabry
NCN2013
STIMA_Belgium
GrootVleeshuis
StudioMares
Oligobe
BrandYourBizUp
MarleenVanlierd
StefAmpe
JeroendL
taghifattah
Kimme1987
ElkeHofman
DegezelleLieve
kristofdhanens
timdeconinck
arabelle_ferket
Talk2mycloth
tomreunes
OliviaCoudenys
maddens
smcvl
timvanmarcke
lindaconinx
CardoenIsabelle
SofieAudenaert
BoxCob
MoreelsEllen
DjFredAster
VClies
koen_dhont
SchalckS
Del_Sport
BEAUTIFULDOTBE
IngeborgQ
CGheysen
anverstraete
sdegelaen
StijnMiermans
Consolving
fluidcompany
FOODGhent
BSA_BE
PZ5429
byphi
Gert_Schrooten
ibert
lievendm
MDommicent
Promolicious_
GunterFasoel
librarianbe
johnloncke
DavyDS
Radio2OVL
aschaubr
j_vaernewyck
LodeDenecker
ellenvcau
wimballieu
stijnjacobs
LiesjeBerteloot
ContentCrackers
pelckmans
ubervu
Rolf_Vermeulen
amedee
ChristineSmet
ImproveMenT_TCC
pvanbier
IONLabsTweet
Thiebout
BelgianFoodinNY
kimverhaeghen
Vanhoveee
hansmampaey
PascaleAerts
ErikHennes
svenbries
Immoplanning
btprof
fannydufour5
MarcUyttenhove
xtase
_HREvolution
djsigiisdood
expertbelgium
SDEE3
teamlewis_be
pietr
DeFre
MediafortaNews
MarianneJans
Westtoer
BogaertStijn
ToerismeRupel
Schauttweet
bramelewaut
OpenBedrijven
jcolpaert
mcbrando
deJuristen
freddewachter
MarieGodderis
WardDenottee
thomashopman
JCIMechelen
Isa_Uselli
JCIAwardVL
eandis_cvba
DarwinAnalytics
bart_van_thuyne
SVandebuerie
JanBuydens
GlennDelmotte
alexanderBuytae
DimitriVV
BeirensEva
LanderHoornaert
Marlonwebdesign
nadjaDS
Melissa_VVSG
SDWorxBelgie
Angelo_Meuleman
FabriZZio
flixander
Oudevismijn
Swimbeg
LiquifiCMS
MarjanGeukens
brasjul
zubairch49
MurtenSaerbi
mike_swennen
interieurconcep
Forte_Jo
ChaseCreativeBE
kellyraeds
eprenen
evil_superstar
tomvanparys
TineSaerens
thecomic2
WernerSpinnoy
NOELE001
JonasJanssens
drmahieu
JokeVanHamme
YtseVergote
Pam_DM
Fouad_Ahidar
elkereekmans
Phareconf
HBellinck
centrummanager
oliMaes
BeatMadness
JewelryEclipse
KarenVOv
JCIAwardVLBR
pedrosteelandt
oonaconsulting
tomsmeetsBE
keppensm
VincentDeBacker
StephanieAmeel
dvn8501
LucOuvrein
glenndavid
Womenpol
XavierDebaere
mannelies
annelies_wybo
bramsmets
KarlienEeman
DuvalUnion
elkejeu
carlsteenhaut
yannickdepauw
dafke695
AntonissenSven
JeanPaulCorin
bvdputte
VOKA_OVL
delijn
GeertSnoeckx
CarolineOstyn
OpenCoffeeOVL
VolckaertEllen
sofieverdonckt
MattKeppens
AlexanderJTM
the_onsmie
KlaartjeVdBauw
JolineVerniers
maaikelens
SofieBoudrez
rvdb8500
DomiDeme
EgwinGonthier
DenysJan
Rafsina
Meubelrenovatie
ErwinTielemans
Mixette
Dirkdeboe
HiPoHR
TieneCastelein
elienvhb
vicdhaeyer
inge_vee
seppefr
BJPHW
fclaes
VoltaGent
deruytterp
Clau_Tluk
SBreyssem
Pixular
m_dierckens
LuellaCoco
dewittom
kovro
McKemsky
laurensverhulst
DobbelaereSven
langsware
T3rryG
PamMktgNut
YvesClaes
andriisedniev
Sevy2708
BrHermans
BRUSSELis
greentechpeter
baudouinbinst
kriscoumans
gorpieben
jciharelbeke
KatrienSoubry
SofieDBr
Aha_Concept
evelynelanneau
Lauralieke
JanVanImpe
Jan_Cuyt
SigridDeCooman
SocialGatto
Ilona_
dirkraes
CarolRenaix
gdegr
JG_Roeselare
dkpx
Jochen_W
PhilipPoelmans
JulieHerpels
StijnSteeman
DemolitionMan20
guysharma04
JessieBeurms
janmeynen
SoniaROOSEN
Edwin_Bellis
Cinema4You
Jotie_Zingem
verroken
stefanmechelen
GielKops
PintelonTom
wasabi1809
StevenBousson
BettyDeLanoeye
MichaelVermost
tpieter
J_o_k_e_
consistentlygre
DailymichaelBE
creashocker
jemp104
dirkbiesmans
syatharthanan
Tine_Peeters
joandewinne
tekstentander
socitaco
AnneliesValepyn
alex_ikke
Sport_Damme
Yannickdebievre
Bauwdyna
Ilse_Lathouwers
BubblyLizzie5
standlu
twistit4
jgillyns
familiezaak
Engage121
groenegids_be
nrtieninmeise
LiefwinLuyckx
diewy_be
JoDeglin
KristofLuyten
Koendezutter
EvaMaesEva
Amy_de_Pemie
PHOTOGhent
JanSteurs
PJPauwels
JordiCooman
JessieVanCou
SyntraWest
KristofNeutens
MollyVerbeeck
it_opleiding
Andatouchofpink
B2B_services
igloosarecool
TomHarding
JCIAalst
bahmanzakeri
anmoerman1
BartRosseau
MediaGuardGroup
yronlinesuccess
ChristopheJoos
AntwerpenM
lcasteur
wimarys
mikevancleven
Evelinesmet
artdeca
elinedavid_
J_Devriesere
grietloncke
Mercurier
Digital_and_SMM
VermeirenVicky
jcleffe
KScheefBekeken
Benny_Lauwers
micadam
GlennHoorelbeke
koffieder
MojoGuy
sevdalove2001
StevenVD
Netwerkmeeting
syntraab
syntramvl
Originall
BBoeckxstaens
RIONConsult
issuus
NextarAgency
CharlyGaukema
kdbdesign
EvelienTanghe
Lab9Academy
domidb77
_TheAddress
BMixer_BE
GVanhaverbeke
powerview
thierryd
weepeetv
DeloitteAcc
frederikprijck
aqualex_EU
GertVanE
AnitaCooman
ElineeV
matthiasblomme
Hvanbiervliet
darwinbbdo
FlitscontroleBE
LienDesmet
axelronse
IntervestOW
vanjepp
Cosiddetto
Write_about_Now
Haeldermans
sukerti_vs
rvergauwen
christiangybels
Balduzoute2012
JhAiR7
tweepi
NicoDeLepeleere
Lotte_eeckhout
bdesmet_
Skiwieter
MmeToertjes
ChristianRemon
_casteling
ivanvergult
evandenbranden
CTemmerman
LAVAconsult
WeGraduateVinh
JohanPauly
OrganicConceptB
AstrAnACo
rubenvannobel
Bedrijfsbeheer
Saabbbriinnna
twoooze
djpacqueu
SrslyStevee
_Priangel
webretail
socialmvantage
azaad28
LichtopLeren
JeremyBorgonie
recstorytelling
DEGROOTEPETER1
PSchellekens
JelleVerheugen
Mathiasdmstr
CookiesAndCream
antjetytgat
FViane
lodeba
ChSchee
itraining_be
ThvLa
Willemlutjeharm
GiovanniPysson
anthonyroose
thinline_be
WillekensJan
LucasDeClercq1
c_luyckx
stichelz
Steve_Jacobs_
oudevismynfeest
MediBling
wereldblog
HeidiWulff
sophiethiebaut
mindofman
bjorn1981
peterhclaes
pKestens
johnpereria
conceptingbe
fourscan
tom_staelens
GFstbaafs
elizabethhannan
Gent_Ondernemer
WouterGheysen
PDutranoit
Adebiss
Annabelsoenen
PeterVerwulgen
kerstenbreyne
club_vsclub
WorldbridgeEuro
canvastv
be_swissbiotics
TomVanpraet
NielsVdcast
ThomasDeckers
nwyrk
MarcMediaLuna
HaraldDeBeuf1
gastro_by_mo
EKenis
YuriHellyn
PVanvoorden
baldwinagency
VerlichtingBe
AnnickCuvelier
hoogleerling
Onafh_Zf
Nicolas_Acou
eikke
jeanballon
MurielBerkvens
dirkdeloof
Sioentje
nokereberg
huyghemarc
ntone
davelorrez
EnergyDesign_BE
IFBDupdate
fredecl
ronaldsammels
peterclaeys
LienBerden
BillyHallowell
tadismarketing
greetdom
wardkennes
CRYSALISNETWORK
akamasauriga
FPraet
bibdekrook
C_Demeersseman
rudifrancken
ikverdieneenjob
ditisnetjes
PlekEnPedaal
NYCWebgrrls
GreetSmekens
goforzero
chrisdemeyere
Gitke1930
thijswostyn
JDerieuw
marsvard
stevenbens
youniverse_be
EvelineGoe
Mister_Duke
randeevoe
E_Van_Waeleghem
MaxineCobbaert
JobTrackBouw
Tim_Debonne
mdemeulenaere
saralodens
PatrickVerleye
LieveWalravens
gbouronikos
MikeONeilRocks
SocialMedia411
MarathonBelgium
IlseBracke
didike01
Gert_Willems
Glennswagg
DenysNicolas
Topambassadeurs
MDecramer
Kenny_1B
Lieneuh
hcouvreur
MathiasDeswarte
georges_pagalis
DCultuurfabriek
REOROCK2
tomcommeine
Advance_Europe
Costero83
VOKA_JensDeVos
lievenbonamie
inedonders
nanske
IJzersterk_NL
expertacademy
Adgenius
voedingsanalyse
indie_group
WimLenaers
orithyia84
ChristopheVC
BertVermeersch1
LucMastelinck
SelectFlex
TheSocialCMO
commun_it
ShopPlaza_twit
wvhulst
Jarryd_14
KoningsAnne
jimbogaert
Afslankcenter
Ghentwebvalley
batistvermeulen
Goedles
kenburbary
MrTrafficLight
NMuyldermans
marijnsomers
bakkerijburez
RubenTaelman
Sam_Stals
StevenDeNijs
janvermeulenD
nicolas2karott
quadcomm
AnjaTegelmeisje
dArchief
kcruyt
JorisStockman
tomvangeneugden
Jupiler
Kdebock
Lvalve
StefanieHouben
koenverhaeghe
den_arnout
boobook_world
Jeroen_Bouserie
PANO_Solutions
BartVermaercke
PleinPublique
ManuVanBockstae
tegelmeisje
cathkerssebeeck
zegtjelle
Knack
mariedeclerck
beabij
CojakTweet
PascalGoethals
commefort
mvanderbiest
Twunchwithaview
TVappsBenelux
WhalesRising
WDemeyere
YUPLifestyle
StevenGhesquier
JorisRombaut
UwVastgoedcoach
IHerteleer
boskabout
blogtechorg
steffert17
_ImpulsBE
faverek
Shopinkortrijk
Kristienvdb
fdgraeve
Workingheroes
HildeSchuddinck
LesleyArens
skylegs
Eventidea1
ethicHR
Redcorp
PhilipCoen
designfollow
LarsSudmann
improving_sales
mitchplaizier
adosa_sandra
BioIsChanged
marylenegrenson
Filipverboven
hannesdh
MennovL
JeroenPladijs
lalunabeauty
_S_v_e_N
stimorolthy
brand_BIG
timdho
TineDeLanghe
mitchsilva
DuvalUnionC
KRCAPP
GertL
TobiasDesomer
Wivani_
FileSnapper
jangdevos
OpenNetwerk
MrsEmJackson
nsma_
Natalia_Theo
Prikbord_Belgie
AileenAghajani
JanVerw
emmaliekens
JasperStragier
ThomaPtn
DavidDemets
vincente
Unizo_Deinze
jorisswinnen
Harald
barbaraherbots
LudwigDumont
BartMartens77
LilyHelewaut
VanDammeJan
ronaldhermans
BradFriedman
tinideconinck
okribidi
davedegraeve
UncleTom6969
ToyotaDeBruyn
foculare
StatlerWaldor
DeBlauwePeer
pietmoodshop
AnzegemKnJonger
EmilieDecoutere
barbecook
aubryco
WolfGraphics
bikingkathleen
inframe
dtrchbrckmnn
DeWijnadviseur
TjorvenD
SMTrain
peteranckaert
BizzWaves
alinaduinkerken
bart_chanet
canvascollectie
GoldieHoneyB
JosVermeiren
JCIAwardOVL
haralddenolf
skyismyoffice
Willaard
Kdocus
bjornrobbens
MietVaes
BrandFractal
karelwaignein
davy_delbeke
ddomien
cossemerct
UNIZOvzw
Marcduy
maartenbossuyt
lyja33
brandTAGtweets
nschelfhaut
MatHLa
Alexandervlaer
playtomorrow
M_Boschmans
RoeselareSport
notiontechcom
Soiree1954
fannybiesemans
JeanDheedene
IgnaceMichaux
KVanhaegenberg
JeroenNaudts
decuypere
guntbl
NewElise
hanssmellinckx
Emiliekortrijk
SharonSix_
CpNIJS
CimarkIngrid
arne_vdb
JackOlszewski
LanderBoeckx
VOKA_HMaertens
FrRobben
BramDambre
liekensg
netlash
MiraBradai
Docteurenligne
dbintein
brmdevos
RobrechtDN
Kristofverm
ondernemers
twunch
KellyDefoort
samoinee
BelgianWines
KellyMaesArt
Aurelie_Dumon
WouterCap
ddeunynck
InSync3
Sam_De_Vos
Freelance_Belg
kboerjan
CcoCool
TimKarpisek
bonaparte_eke
TalkToo_BE
simonvuylsteke
vandenbunderk
moreelsjo
LucFaes
natourroeselare
HipGeoApp
TrendsCo_be
djazzminded
MultiToolsDIY
Microsoftbe
EffiPurple
Jan_De_Bruyne
TimLabie
Gent_BC
Brecht_Claeys
LutResseler
cvocreo
emiliedepuydt
lucdebusschere
Lcapitan_
IKIAcc
DreamWebMedia
figure8_be
bramlefevere
TomVandenhende
JoeriDeBouvere
CoppensGui
MrjmdGrt
MathieuRogiers
steven_vda
DriesHenau
stijntanghe
Vide0Marketing
mtthshmlst
guyvt67
Online_BA
bertarnauts
kurtghekiere
RonnyKenens
kmlinders
bjornadins
dieterneirinck
JohanMichels
Bvanlierde
hdeblaere
JanFoulon
hbeatse
VLAROY
benoittordeur_
marchumblet
FilipBurm
astbelgium
WimWindels
KrisSierens
OrangeBENL
cedricweb
vivivdk
NVerwimp
demeyeresven
WimVHWH
macronfred
DeFlik
JCIAwardWVL
NadineDeruyck
kristofnizet
melotte_arno
rechile30
TomBraekeleirs
SteveDiekeure
RandomQRCode
AB_Anybeat
jonasdoms
joke_verbeke
FredDelfosse
WouterGosseye
Marketingfacts
Stad_Roeselare
fredpluseric
HeadCount_jobs
palmaers
koencollier
TBogemans
sophienaze
SwapSwan
anthonymeers
TEN_it
bartmalfait
Vromant
mauro_romeo
lt3r3g0
TomDevolder
MooseDirkVT
dekeyzert
DamienBraeckman
HeidiLogghe
walwycksuites
Daisy_HshJUIST
Expertboek
MaartenVolders
MaartenRottiers
thestudios38
e_Recruitweeter
MaxHeutz
patrickbelpaire
BjornVerdoodt
BonteFrederik
HPHoogendijk
bartpastoor
AbraoGus
VanessaHaspeel
OptiekSofie
newance_be
jellevervaeke
DriesLamont
TomLibbrecht
jhuylebroeck
henk_vdb
DeNeJo
Tjanneke
Contentgirl
Dieter_88
CoworkOostkamp
VanDriessche
Kenneth_Tallir
Floating_Desk
FirstSupport
brandtips
RobrechtB
FreekieDM
laurensbx
aureile
Ze_Mouse
gleysen
DepoortereStijn
LeadInUP
Veerlevollegaas
Eddy_De_Clercq
centralpoint_be
vanvin74
Proudfield
TomVanMoer
FVMas
CedricRoyer
Dieter_Charle
KimDaenen
jeangabriel
slecluyse
Soulopoulos
comunicazionare
LennartSloof
StijnBastens
V_lexx
RichardvdWal
KCPJapanese
stevedv
FZZ_Roeselare
Entry_Point
Bcappoen
QueroTom
sven_hubin
ErwinGeeraerts
bastiaanp
Wouter_Vervaeck
tijz
pmacours
Lexn_
mathiaspauwelyn
sara_redzezel
PatriceF
nsysmans
100titanen
nickvanranst
factor4index
NicoDeMuynck
zineddineiho
MichaelSalens
tvosken
Flexability_
abulkens
johnnydejaegher
bruno1970
samvanbuuren
donearlenspry
SDesanghere
ArteveldehsGent
jcilier
getIDEALICIOUS
jeanvanhoutryve
Thea_RG
infinity88
intrinsiQ
koen_serry
bjornvdm
tvholle
VGRPellen
i3_Distribution
ElsBlazejczak
SuccessFaculty
ElkeEuroTelt
jeffbullas
BjornPrasse
gertjanvanegdom
ddschool09
Chrissoigneur
Digitmedia_be
jefdebusser
iOnAsJ
jefstaes
guidooohh
MichielDestoop
blogzondernaam
morsedude
CaroHillaert
TParidaens
Finnoveren
jonlen_music
Geerlinde
Nina1302
JCIWestBrabant
WouterDanckaert
iris_go
Filip_Rooms
MichVerbeeck
dirkdemeirsman
KarolienDockers
kindlerush
Renaat_
rcallewaert
lucvolley
Cloudalize
freshface
simohell
IkDuimGent
AlgorithmMotion
KoenVanEijk
PieterJanPriem
CelineVroman
ThomasMarzano
socialcrowdnl
DirkOnderdonck
collactivator
GreetTraining
gefelicitwit
mattivandemaele
iStratBuzz
bi_art
GunterVS
advany
MarcoDekkers
Noellaheylen
tomdeleu
stijnstragier
Davy
glitserBE
Shira_knockaert
svcauwen
steven_web
ritco
babyiphones
Ford_Wispelaere
FeWeb
BramVandromme
jannekevdmeer
ploem
PieterCappelle
de_yannick
Netcrew_Ieper
3december
hansvandeveire
BurooZ
brantspatents
steviox
lvb
janseurinck
evyraes
Bankshopperbe
PetraNaster
kristof_jans
fredericw
RolandLegrand
gunthervdm
fissehawk
nicolas_v_r
andy_debo
KoenDehaen
SLAprototypes
QuickCutCNC
JohnnyQuickpart
Quickparts
aktinix
Thefrenchflo
NicholasCourant
HoratioNelson
Dries_DC
derekdevries
everydaymarta
AnbacoBE
SofieGola
Geldvooraltijd
evanbrussel
bibliotheekizeg
RavingRrredhead
Boldandpepper
StepStonebe_NL
vastgoedstyling
ingridarcher
deweirdt
Olietree
DavidLiviau
aegillus
ROYALBALLERINAS
ODLanoR_IT
ThieuDK
gianniboone
Merel_Lefevere
VastgdVanHoecke
davidpeirs
steven_goossens
mediasoftbe
MrStijnDevolder
geertallegaert
JCIRonse
erwinmeester
MaartenEx
HuegaertsVeerle
LouisBruyneel
Trendhuis
JustTweets
DriesD
ThomasTielemans
NicVervoort
Maes_Jan
johnnydegreef
faes_be
startandgowvl
johanjacobs21
stefroelandt
BertBaeck
WijnhuisOinos
GertLambers
CedjeVB
flokke
roelbeckers
BelgiumNewsMix
houseofwunders
HMissiaen
olafmolenaar
idinnobe
KatleenDeNeef
ProjectSoKo
Grafys
DimitriDMeester
rikkiepikkie
svuylsteke
Starfish_Media
DzjemIt
denbuurman
yvonnekoenig
Psycholotwee
mrBisback
netpointent
HappyInterfaces
bnox
ster_k
Pascools
TomCoeman
bertzijngedacht
Joke
joachimhanne
Blizzzavy
okian226
robbymeirel
JCIVlaanderen
jansoons
KenE3C
artymoony
DarkoIvancevic
BVanimpe
MrJacquet
ddepraetere
kurtostyn
CC_Update
JimStolze
Maarten_Vdst
Cedrinho
jverfaillie
benandloigi
YvesFrateur
joericoach
StevenMinjauw
dajo_hermans
Azuro_HR
Mateusz
ANZEGEMBOY
Herve_Gent
Tweet_Princy
RLAB_IT
G_Reyniers
RobinNeyt
discovermyeyes
geertconard
emmilytalpe
AndreaVDalen
FCyclingAcademy
Eurotinkers
tweeklyfm
MyChupacabra
StevenVBe
Liviooo
MatthieuMarisse
SmartFocusNL
Kvanbeeck
vansan2010
AlainBeerens
Jodyduyck
sachabol
Polledemaagt
DaanGoor
youriyounsi
Humo
Tim0106
Belgiancowboys
jongondernemer
JVanCauwelaert
AudienseCo
KoenByttebier
franksalembier
RonnyWeltens
creativeskills
jeroenpersyn
Fairwine
BrunoByttebier
karendebaets
DaphneHilda2011
mikewebwinkel
SteviesQuotes
Modernespraak
ctuxboy
jacobeeckhout
YoungProzzz
ElineBlackStar
PeersF
frederikcrul
pwillemarck
AlexMaertens
WalkerNene
JongVOKA
PeterDeGroof
Get30Likes
Mentorprise
OnlineBastards
MedeMerkers
Brandy_Middaugh
WimVanmarcke
MedianextTV
RickKoopman
LinkedInQueen
SteveDW0306
KateVerniest
bartdupon
WendyPeleman
devalier_warren
MichaelPhelps1
IlseHauspie
tweetsmania
RonaldRL
MPJC2017
kvl0
Drostof
ubeon
onraad
Donvandeweijer
slk8500
kimberymigpeake
JoDumon
tvanlandeghem
MonsterNieuws
KPMGAdvisory
Jupilerman
JCI_Gent
KrisCoMedie
lievenvos
INDEA_energy
VOVnetwerk
netwerkenbelgie
Startreverse
Optimistenbond
ElkeHaemelynck
BizzMagazine
Rockportaalnl
vooruit
stevenritmo
Verdellbcc
JohanDHaeseleer
ingedevroe
kevinrommen
SIVlaanderen
groenesmoothie1
SanderLaridon
Beatever
Core_Coaching
daneelspeter
CharlesVrugt
vermeiretim
FredoDeSmet
BernadetteCO
Gelerobbie
patrickbosteels
ParkofficeBC
Geoffspeybrouck
esme52
oost_vlaanderen
cookericher
KoenMarichal
sulbalcone
nadiatumas
bloovi
JeffRibman
SocialNetDaily
martinburt2
vangampelaere
Lieze111
LodeGeCC
sonjavanbeveren
stevie505
PixBurn
elsdeschepper
clouddogNL
peterdedene
VercruysseBruno
Idesdv
DeAcademie
rvandenhoff
InContextThomas
leoexter
woutermr
frederiktibau
KorneelVerleden
iCity
bram_bba
dewitkoen
dAssociatie
KEStephanBe
De_Boomdokter
mr_brightside_g
KurtVanDriessch
andyvlaeminck
new_gentleman
VincentTheeten
MatthieuVoet
BarbaraBenet
heymotion
joostweets
samdermaut
lwstw
jeroenwils
mijncallcenter
carineverbelen
DLAwins
vicrau
Glynnis_
LeslieCottenje
PeterHoogland
LiesbethEnkels
pascaldecorte
DiederikSyoen
VRT_Research
netwerklounge
johantaccoen
caroleviaene
govaerttim
CHPEDRON
SCOPEadvice
ASPACE
fdenkens
creaxnv
passionforwork
marketingyudai
dirkvandenpoel
cgoet
PetraMertens
met_bofrost
opoiphone
gadgetaanbod
Frankwatching
CoachSteff
WouterTorfs
MyCoachCafe
VOKA_tspruytte
zelfstandigenBE
byazinsights
sosho_media
dietervanesch
NIMAtweets
Trainingscoach
Toastmasters
JohanDriessens
dutchcowboys
BeneBailleul
NicoHarboort
siskahoste
MathieuCieters
devicoaching
Liesbetpolspoel
wijnfolie
King_MikeG
AVEVE
backbonemedia
JanBaeten
MHManura
tompelckmans
