OBDeleven
CaristaApp
SSNMexico
mondobrewing
ruckusnetworks
SKODAUK
ThreeUKSupport
SoVeryBritish
AlexisRenG
tim_cook
elonmusk
Kathbum
Apple
Jacob_Rees_Mogg
CAPUFE
SCT_mx
SPCCDMX
TheSilphRoad
piersmorgan
TerrorismPolice
NianticHelp
A350_Production
TWolberCrystal
LiveandLetsFly
WestmonsterUK
realDonaldTrump
AnnaKendrick47
sarapascoe
flight_report
JuliaHB1
Nigel_Farage
Pokemon
PokemonNewsUK
PokemonGoApp
appleinsider
NianticLabs
ManUtd
SteveHiltonx
AirlineFlyer
LumeCube
LegoAcademics
Cardenal_Gasdas
BorisJohnson
GetBritainOut
thameswater
saradietschy
DJIGlobal
vote_leave
OVIALCDMX
GobCDMX
BetterOffOut
FinnJewelry
LeaveEUOfficial
10DowningStreet
fonchereau
earthquakeinfo
louistheroux
Mommy_Points
FrequentMiler
JustinRossLee
BBC_TopGear
LBC
frankieboyle
thepointsguy
MrJamesMay
RichardHammond
British_Airways
elibues
JeremyClarkson
ExpansionMx
deckchairblog
OneMileataTime
iBooks
AppStore
spg
StarwoodBuzz
AskAmexUK
AmexUK
cnnbrk
BBCBreaking
BoardingArea
FlyerTalk
