FreeMemesKids
DankMemePlug
VideoGamerCom
Burasto
festigame
Cole_mono
mujeresenvg
Totalbiscuit
tronbevan
GIBiz
Dannitzita
supercell
ClashRoyale
NewDadNotes
CARROT_app
GreyAlien
adage
horse_martinez
pablonoel
Pixel_Dailies
yu_angela
ahepburncomplex
_mialeon
Emma4Change
juanpa_sepulv
AdrianoActor
carlatia
bigicoffeebar
nicalis
Mastikable
valentinagece
xaloasensio
cualquiercositv
CeciliaLagos
frani_cisca
tyronerodriguez
VideogameIsArt
camposanto
DoubleFine
terrycavanagh
dongraft
keivalley_
NosoyPablo
IGN
gamespot
Polygon
dog_rates
alvaroaraya_
ideasdelavin
reggaethrones
maitearaia
WhatTheFFacts
bilybilz
furiadesal
elgonzalors
subelaradio
raypuntocom
explodi
Mangal2
AbelVegan
panchoesteban_
jaimeg90
MatiasSanchez
mifiguerb
Huasonic
elviejodelsaco
RespectfulMemes
jupiterorbit
TefitaTuets
cristianrogel
lamarzocco
JennyHansel_
sigloasesino
wachunei
8BitPorn
cocavialaire
Paulinitiss
RGA
prcstntr_
bronkoyotte
Scottish_Tweets
sprudge
katgallard
jimseven
kochiz
chirimoyalegree
caropez
harrysplaceuk
AmznMovieRevws
sansberro
toledo_campos
panchomoragas
enemigo
yousifaldu
pinceleart
liamgallagher
chiquillacabra
isatapiamontt
conilastra
ivetafunk
piterburon
tmayr
humanofelipe
SirenaMankiller
otweeti
MacStoriesDeals
FrankiePageDice
gabors
theyouthquake
Gatocampo
imlikesunday
iammarcgatland
ondesmartenot
manoloatala
pluttkids
EmmaWatson
JesicaStorms
CornershopMX
CornershopChile
franisacat
GonzoMau
paulaebiru
misabogadosCL
lanzarrayos
mpazgarciav
floristeady
godual
g_a_maldonado
princesaperrito
NegraCesante
pajaritos
Kyuumeitai
ppppeps
coeurofbear
matamalaortiz
maxguerrero
SuperPuyito
valentinogoth
AntoRivas
holaferperez
scriptandme
nipledeaire
lunalatuf
starlaa
Kangrejo
tinchocalderon
stilldrf
Aenemona
FcoRamirezA
InaGroovie
jorgepvenegas
jotita
megoforce
Camilonganiza
isadoralavadora
catalbert
magdalenapez
astudillofj
briucoffeeco
saucebabilonia
DaniOlmedo
xveinticincox
natalia9v
Camivilches
MarceloAvalos
constonta
homeworld
tamaramunoz
liberonaleon
camiloathem
adrianramirezb
barbcarvacho
rodrigoulloa
esaaveni
natamalva
toxoplasming
ederivas
soycotidad
didarock
RRiverosM
Paz_Ramirez
alvaroveliz
catalitico
FreddyCea
pocketvivi
franvarela
barbaragallardo
cano
tommehthecat
el_Ale
luchoahumada
andreaekelly
alpistee
nicolasnoexiste
admetricks
paquepo
nachocarcavilla
nachism
dtorres
martinez
cabsfleep
srtape_
HannaIsBack
andyfauni
danielalorca
restrepomag
forever_lenny
ohjertonsson
frojasg
vyevenes
pineiro
vanhalt
goyox86
satanas82
lapizmina
vyarad91
catwini
DeivinsonTejeda
dubo
r0ckthisway
nciscovalencia
carlors
Strawberni
Jaii_Morales
MarceloAmestica
soylaCe
Kurobatou
podlech
Lososhro
monrix
holamendi
zuedehead
catagranic
huargo
panchordenes
jartung
camicarreno
claudionavarro
gipsy_c
adoesteban
albertoholts
Kitalin
michaelmarinm
Javimuncheira
AleStuardo
thepocketcl
fabianjorquera
equistene
Motonetas
karen_koltrane
ludwingf
matiasarenas
azucarflores
marcopereirav
Tintolio
panzeeeer
lalethey
TCattd
felipunx
Sandungueriita
dbasulto
klau_by
ebascurhe
ajulloa
luchodelcast
lepegaron
pammiss
Diegoschleede
rosariosmb
lacarolayla
Srta_Wayne
wer_ever
Vitooko
Ali_Font
juanmaiz
mafiuu
JJBimbo
valenpel
betodurand
tomasurquieta
naticabreate
carito_orellana
julie_mo
LondonLoves
sebaestel
FranciscoKemeny
diegohuenchur
palali
MikaHerrera
pdelsol
hcarrasco_
gabrielebens
arantxyta
Claudsson
nicolwhat
Diegogonzav
paticalfio
nicocastrog
titiup
suckel
conchi_m
diegosmarines
_dani_serrano
javieraisidora
Maitiita
cfmontes
MisterPan
cotemolinag
elfenars
JCSikosia
luco
yanisyanisyanis
franci_g
coespi
mrxtc
catalama
valegrimberg
Znakeone
flyon
AlfredoSegvra
yaelzigal
moneeena
gonzblanco
WNKW_
NoizeMatter
MariaJGrez
Carlitos
kairivera
PaolaDelfino
catabanfi
fran_casas
carodupinet
Lheylis
huguinjo
nolosoto
ra_diaz
LionessInZion
acordiviola
APaddyyy
Levirs
matiasrivera
aleacchiardo
cl_audio
walabinews
Panchoavila
cabrochico
Lolo_Vitrola
alfisdrake
muyjack
soyeljuaco
Amparors
aschek
monsevidela
Jaimillox
cccastillo_cl
ccarrasco
temalibu
jlathrop
CaesarSebastian
MariaJesusV
franzuazola
Criscar
johamixx
parecequemun
davod
NAN0
unafran
loreletins
jaritajose
Enanin
Nicolle_MG
gusoto
nicoleforttes
Camilon
anchubou
danicontardo
CarolinaMillan
nayi_ananias
tridas
latontapesa
bada
JF10
sabotaje
jorlo
tracklisting
iopazo
mariajoseoo
walalapancho
questchile
Gentz
brocksito
PedroFuentes
emilyinchile
Prisca81
chulini
uri_cl
tiopaul
eL_mOnO
_josepatricio
eldani
Julio
rmendez
