RohanKSQL
PDChina
SQLWareWolf
alzdba
SQLAllFather
ESNchat
SQL_de
1Password
Paula_Tolliver
Microsoft365
DCDmusic
windowsinsider
OfficeNews
Office365_Tech
rafek
edbaker1965
OfficeInsider
NottsPSUG
postledm
dojobsonline
CEDSolutions
MrSiWhiteley
gavriels1
NottsSpecials
DHLexpress
Virgin_TrainsEC
EMTrains
cormacfoster
JovanPop_MSFT
SanGei2013
StevenPears
ServerGuyUK
garethjones294
jsnover
windowsug
Andrew_Bettany
manfrotto_uk
CYBERUKevents
BBCNottingham
nottslive
SQLMissSunshine
VolkerBachmann
msonenote
OneNoteEDU
microsofteduk
Bett_show
GeislerDS
AnnaStrezynska
SQLSamLester
ClaireS_MS
naomithesqldba
AMtwo
BeginTry
HRHProgFestival
firstlegoleague
LEGOeducationUK
FLLUK
williambaer
danholme
FutureDecoded
techChirag
jeffteper
ekapic
SharePointKate
SergeyOlontsev
thomaspower
bbcemt
NottsCC
nottspolice
Node4Ltd
AWS_UKI
SqlGlasgow
nottm_events
Transport_Nottm
NETTram
BTP
tweepsmap
jeremiahg
kaspersky
e_kaspersky
mikko
davemanthan
DLM_Consultants
SQLNE
heymiky
Ewen_SQL
RAFAssociation
PyramidAnalytic
laskewitz
marijnsomers
SUG_Cat
spsbarcelona
PurpleFrogSys
mrpaulandrew
intoleranse
dbafromthecold
sqlsatcambs
eliostruyf
vesajuvonen
maryCyPsy
NSAGov
CIA
SecretService
DHSgov
StateDept
FBI
DeptofDefense
leila_etaati
nottsdev
PSSouthampton
cyberawaregov
INTERPOL_Cyber
INTERPOL_HQ
Europol
GetSafeOnline
actionfrauduk
EC3Europol
NCSC
SophosLabs
team9spokes
DoktorKermit
SCMagazine
SQLGeordie
SQLGrillen
TomaszCieplak
stroker
xyzzyz
DarkReading
SecurityWeek
GOVUK
collabtalk
SadowskiMichal
b_ratajczyk
GraczykBartek
NowinskiK
DataHubert
evdlaar
slunyakin
rebeljulija
MSFTRecruit
rebelrecruiters
gali_kovacs
SQLSprint
PJGCreations
richardlucas761
STEMLearningUK
AgCieplak
sebmatthews
Michael_Corey
WorTony
STEMAmbassadors
kevinmitnick
karmennovak
tameraclark
cl
DenisGobo
klunkySQL
jdanton
sqL_handLe
Heidi_Hole
DimahZaid
POTUS44
sqldba_nz
FrankGeisler
aessing
gregoryalarsen
DesertIsleSQL
Accorhotels
tomaz_tsql
spaghettidba
SwiftOnSecurity
briankrebs
haveibeenpwned
sqldiver
vickyharp
Mike_Fal
DBAWayne
CBellDBA
SQLGator
IrishSQL
sqlug
SQLBek
frederikvdp
SqlrUs
Pieter_Vanhove
sqlstudent144
Ko_Ver
YatesSQL
dejandular
arcticdba
JoeSackMSFT
markvsql
josephsirosh
HMRCgovuk
HMRCpressoffice
HMRCbusiness
HMRCcustomers
DenzilRibeiro
DimitriFurman
SQLCATalyst
kfarleee
rootkovska
PacktPub
MSFTBusinessUK
crisgherrero
MicrosoftSB
DifinityConf
VisualStudioUK
mspartnersuk
MicrosoftUK
ATDkonferencija
_mwc
iamalexmang
leah_r_lewis
NandosUK
SQLRelay_LLT
gregbennick
StarbucksUK
SQLPaparazzo
Anderson
julwhite
MS_Ignite
nishantthacker
MarkoHotti
martin_cairney
MicrosoftFlow
DBAReactions
Jody_WP
Akdiscer
ryanyates1990
commun_it
cmcnulty2000
Rushcliffe
SHAConsultingUK
S_u_n_e_e_l
rimmanehme
smereczynski
EvgenPolonichko
AmyKateNicho
SQLPedro
mssqltiger
lonnybastien
SQLShark
MSFTMechanics
AndreasWolter
BigDataFlash
CiscoSecurity
msftsecurity
DerFredo
Heath_Groves
BuckWoodyMSFT
sqlday
JLWoodward
SQLRelay_uk
sqlkfarlee
200DegreesCafe
mikehillwig
adriank_pti
AT_Summit_PL
rpertusa
rik_ferguson
_thinkIT_
TsqlREX
Kohera_be
dbalin
pilabsa
sql_troubles
OliverAsmus
JanMulkens
KarolPapaj
jorg__klein
javier_vill
Tegile
ccoleman56
smooth1x1
enisa_eu
krystianpiecko
GravitasMusic
leicspolice
GlosSaferCyber
Jason_A_Murdock
okta
edsawma
cmoro88
stephenorban
_Railcards
Jimshout
XHNews
ISSAPoland
spbizconf
winscpnet
jameslyne
MaorFranco
claudiajelea
DMUworkspace
balanionut
AndrzejKukula
MSEdgeDev
cyb3rops
AmyBRedgate
brettlonsdale
RackTheBlackMan
mattasimpson
digitaldias
Riam_Kanso
RGwiazdowski
MSSQLCAT
pkamasani
cathrinew
CloudExpo
CyberSecMonth
CyberSec_Events
DataCentre_Expo
qualys
IPEXPO
SQLRally
CloudExpoEurope
Secure_Kb
alienvault
ItzikBenGan
erwinvanhunen
JSchioett
waldekm
wictor
adisjugo
SPDoctor
mikaelsvenson
PaoloPia
maarteneekels
c_marius
SharePointed
dhessing
SPSAbuDhabi
pdtit
22catch22
techdiction
ChrisReBoot
Bibbleq
learnpowershell
ColinChaplin
einsteinagogo
pjbryant
azurecoder
MrCloudOS
PCSupportTV
PeterEgerton
jonoble
rikhepworth
1MikeyT
PatrickLownds
RobertHogg
EdgeMcghee
MarkJEverest
VirtualGirlLS
dbBerater
noopman
anthonysaxby
CQUREAcademy
andyelastacloud
SPS_Events
SPSSthlm
spshelsinki
SPSOslo
brianrandell
thecounter
SQLServExperts
_AlexYates_
FerrariAlberto
dtabase
SoundsOfSQL
sql_unicorn
SQLSatExeter
MDPUG_Oslo
SQL_Oxford
sqlcruise
wrox
SteveZCantrell
tonyszko
pass24hop
passbac
HPE_Storage
PureStorage
mvpmentor
o365uk
ViolinSystems
WesternDigiDC
SQLRubberDucky
MarkoSQL
SQLChick
Forcepointsec
CoeoLtd
dschelte
SPINLondon
GiveawayotDay
YOHIS
MastercardEU
TheDBATeam
PicardTips
BuildStuffLT
SchneiderElec
MartynJones76
stephj_martin
iainsme
ProjektRecords
TrueSec_US
PaulaCqure
Diply
ABBDevDay
Finnair
FinnairHelps
EF_Solutions
MsSQLGirl
madeinwroclawTV
itcuties
abenedykt
KamilBaczyk
sqlbackupandftp
KasiaCordial
MEhrenmueller
Frank_van_Hout
mihailmateev
thedouglane
thesqlpro
SQLSteinar
wstrasser
AnnaFeth
bartoszlenar
MFAIceland
Microsoft_ICE
marissamayer
SQLPASS_HADR
satyanadella
UTmessan
IceLitCenter
CallidusCloudCX
Bunchball
CarlyMeichen
ITMastersCSU
evernote
WhitehallMedia
SQL_MiM
mnDBA
DBA_J
tweeklyfm
ssxio
OpenCoffeeWro
AndrewJacksonZA
ilikesql
olahallengren
mattein
ami_levin
denisemc06
mauridb
TheSQLPimp
MSVirtAcademy
SteffLocke
cfrandall
sqlblog
mattmasson
BrentOzarULTD
basiafusinska
LaMonicaBuzz
brshristov
vikusikmalaya
FightingCEO
flevydocs
KovariAttila
aeroexpress
VKOAirport_Eng
cyberlawPL
SQLSoS
SQLSuperGuru
java
OracleDatabase
Oracle
Icelandair
zoltanhorvath
nicharsh
LodzAirport
KatowiceAirport
WMI_Airport
oksanaborysenko
DenisReznik
m_mazur
hskan
SQLSaurus
jh_randall
VirginiaBerlin
Yildirim_Deniz
MID_RF
mfa_russia
rusemb_pl
townsendsecure
FooCafeSthlm
jlangdon
joeysnow
markrussinovich
toper7
Dropbox
iceland
thisisiceland
CostaCoffee
Pret
AndyMalone
tretton37
defcon
hortonworks
magdawos
belyanina
dennisparks
SITS_UK
RutherfordTX
dykesa
travis_thomas
LadyRuna
venzann
SQLThugette
SirSQL
TimHuckaby
raffaeler
PeterLeeson
granicz
AlexPilotti
tibor19
astoian
mihainadas
CatalinZima
sergiudamian
RaduVunvulea
cardasim
florincoros
melaniadanciu
tudydamian
vestergaardj
DLA_Piper
evilches
ivan_smash
PerfeitoP
BruggemanM
SQLQuill
sawiczpawel
tomasz_libera
dandcg
regbac
TSQLNinja
sql_williamd
Vishal_BI
MariuszRokita
MelvilleLaw
ukgav
napalmgram
CarleyPilcher
itSMF_Polska
sqldbawithbeard
StormJL
nieczytasz
tr_stringer
DamyanPetev
PontiLeo
VTTechnology
jonathanlackman
DamianWidera
marcorus
SP2016Only
SQLSaturday199
ISSAINTL
pjcov
targi_szkolenia
greglow
Lil_Leesh
SQLSlob
MariuszMaleszak
artemakis
Gudnihauks
ajneuman
marco_m_blasio
doctordns
nchorbanov
DPHansen
dbdays
manageengine
SQLIki
luisefigueroa
_Tillmann
sqlpass_de
MatijaLah
baddaz
dottor
hajan_s
mmalovic
dadamec
TomazScavnicar
DejanSarka
JenniferMcCown
michprat
RemoteJoinHint
AnnaOnyszko
ApexSQL
RodJKidd
passlatam
ExploreOracle
MissionCSForum
JanosBerke
oengels
mihcall
DirkHondong
KeithMayer
SQLBeat
SQLSaturday152
d_a_green
dansaap
simassoc
eric_camplin
Marsee
Avecto
SSMSBoost
ExchangeITPro
BrianLewis_
KozlowskiK
AndreKamman
DBA_of_TheSouth
MairaIantas
mcflyamorim
MCTDayZeroEu
sqlsat
NBSharePoint
WebNextConf
DB_Info
DB_Bahn
sharepoint_201O
BrockOwen
richard_j_m
MilosSQL
Irish_Ferries
Gunngirl1
MsMiller_Jane
PASSEastMids
UKSQLUSERGROUP
A_Bansal
DBAduck
paul_turley
Rad_Reza
angaroasoft
xmldeveloper
heigesr2
KostjaKlein
richcampbell
Hugo_Kornelis
SQLMaiden
john_craddock
billyhowerdel
TufferB
mcitpsc
OldSQooL
NikoNeugebauer
sqltomato
RobertPEdgson
SQLTitan
ArthurZ
rafalczakon
IndusIndustry
AndreyKorshikov
lukasz_franiek
hemantgirig
alexdejongcom
creative_byte
edvaldocastro02
SimranJindal
DavidChurchward
bob_duffy
MarkTabNet
TheHackersNews
RUVfrettir
northerngril
witpoland
AnorakInBlack
Infrastructure
YlberAponte
Sarab_SQLGeek
jasoosterveld
SQLEspresso
SQLJason
marwantarek
colinjwood
sqlleroy
nhaslam
betimdrenica
TwojaKsiazka
dinowilliam
mvbitt
e24cloud
laks28
consulessa
myVisualization
sqlamym
bitchinkitchen
VeganBlkMtlChef
EDI_Airport
DublinAirport
sans_isc
SqlEmt
CameronDwyer
BMCSoftware
sgrady05
ckukltd
sahilmalik
spgenie
ghamson
symon_garfield
SQLCrespi
NannaArnadottir
SQLCourday
MarkQJones
RBMA
karguinano
ChrisAdkin8
mrdenny
ComeToIceland
cwebb_bi
SearchSQLServer
landonbalk
CarmelGunn
icetravelblog
ArcusIT
kevchant
TekDogInc
raulvi
r5d4
JohnManley
NoahShachtman
DataSic
DataEducation
BlackSheepBeer
HarpaReykjavik
Aurora_Alerts
SQLevolution
banerjeeamit
kefairport
rvkexcursions
SharePointCo
SharePointMVPs
nationalexpress
johanahlen
CarlosAnCr
tpiasevoli
kevriley
CarstenLindholm
improvedk
LPL_Airport
WhatToWatchAOL
CostaRica
SQL_Kiwi
hope_foley
sql_db
DavidKSmithey
CraigPurnell
ryanjadams
OpenAtMicrosoft
brandonleblanc
MicrosoftHelps
troyhunt
jeanmicheljarre
TedPattison
toddbleeker
resing
coffegrl
jasonhorner
statisticsio
MikeResseler
tmertens
sharepointsara
jdgonzalez
Microsoftbe
Phil_Factor
B4PJS
KennyBuntinx
Nellymo
bobwardms
ToddKlindt
Office365
IFA_Berlin
cebit
SYSPRO_USA
DataDude013
john_welch
tydak
SQLDiplomat
AdatisBI
MartinCairnsSQL
Bill_Pearson
johnbulla
ralvaradot
JuanKRuiz
Marylin_AD
digmetalworld
DDLMband
aralves
pubCenter
Virgin
Freakonomics
Inc
richardbranson
ManningBooks
Factory_
pimfmusiccamp
KenKaminesky
TomUrtis
rockpodcast
Maximus_IT
CPointsearch
nportillo
allenwli
revistaespanola
awsaxton
gethyn_ellis
OracleCert
OraclePaaS
dev_champions
OracleDX
HarveyNashCH
SPDocKit
virtualTodd
vCommunityGuy
VMware
ALES_WA
laculturahoy
findcreatives
NetworkAmerica
sqlserver_se
Kingsburton
MarkWrightMBA
rapidtimesocial
Goldmund
FindMyHost
othercenter
beyondpl
JamesSerra
4Developers
maryhelpa
Amrutsinglemalt
Bruich_Sales
MasterOfMalt
CircaKotf
computingnow
TheOfficialACM
MichelleFlynn
MikeDoesBigData
ITforSMB
Arch_Muzeum
pik_wroclaw
WesleyBackelant
bizdevplusinc
JasonRossOfc
JamStoneCompany
sbf1891
Scalability_Exp
keynote_tweets
mahanay
FRESHLYGROUNDsa
DBA_ANDY
camassey
WhimSQL
SQLjen
ChiragRoy
cartwright_jay
Adam_Mikolaj
Primaco_IT
XWorkingOnlineX
CaelusGreenRoom
Adventhorizon1
Jim_McLeod
erinstellato
MichelleUfford
SQLServerSleuth
AjarnMark
pagerwho
nomopix
JakubBabij
TeresaDee
Mrs_Fatherjack
TheSQLSquirrel
PearlKnows
bradgcoza
skidrowceo
blacklabelau
LanceScoular
scattered_read
jowlymonster
HJermy
NewaveIT
cibascastro
identitymine
davecoleman146
teched_africa
wnizio
iaindodsworth
harrymccracken
SeatGuru
RyleeMcDonald1
VBScriptExperts
EEofficial
AlumascRW
nuclearblastusa
eSurveyCreator
QueryAdvisor
JimPoshible
RobTiffany
stephenodonnell
eugeniojimenez
ThinkCopperBlue
Santa_Runner
DigiGirlzPoland
abretegandul
SharePointWendy
peterdobler
RunOnPurpose
RoosyNL
SlideShare
ibezuglyi
ChicagoUnder
InspireMyPhotos
pwlklm
OhioProg
SankarReddy13
spleenarcana
blindingdawn
CRMtemplate
markginnebaugh
RMVREM
lkurzyniec
FoursquareGuide
SQLServerGeeks
SQLTechCenter
NorskMetalForum
ATLairport
easyBus
BrumAirport
LDNLutonAirport
PoleIsland
Eleven_Twenty_9
iPadcaseunivrse
RussIrwin
developer_books
HPdeals
WTGTravelGuide
luisdanielsoto
PullNews
luisdans
GratefulDBA
bart_read
way0utwest
harbars
GetBugCam
rutherfordw
aKnauer
syntergy
EuropeanSP
developerFusion
CurableSmoothie
creativehat
Starbucks
frappuccino
donevelio
fhussains
MicrotaskForms
LakeshoreRecs
VirtuallyGoods
socialstyles
BitKitteh
FraggleWorks
socialmfortunes
GeekFestJO
christinaleo
CDCFlu
ZlatanDzinic
MrIsaac
MKSECom
sharepointbabe
USMagicSoftware
mjpawlowski
ScoutmanPt
DArchVC
nesthostels
Robs_recruiting
TeamIQTELL
doblerco
davidtheprguy
HandmadeForum
maurilioilustra
UpSearchSQL
CaelusConsult
itgroove
ChrisO_Brien
henry_ong
glapointe
Tjeary
KevinPledge
microtask
Steveology
vdimauro
MSFTHost
Atlassian
ITSMPundit
Joe_the_IT_guy
stardmitry
PerpetuumSoft
pluralsight
thesubmarineway
GigaAstroTech
BuildYourVPS
SIUuk
ranksheet
AJMoloney
EzineArticles
Vandahmier
sqlport
RobSilverAfrica
jadesoftware
spbhbooks
BlueNoteNYC
bluenoterecords
Msft_CL
preventiasvcs
prezmaestro
ODDEPOXY
chmediko
eBooks_business
AfBiz
SQL_ServerDBA
Macromullet
siliconbarry
RCNradiochatnet
corephp
ichosewindows7
BglowDesigns
TheWildfireWay
flogase
guardianworld
ClarenceHouse
thollins71
JohnPullum
LightArrowInc
WilliamBoggs
TechNetNL
uktechdays
CliffHobbs
markwilsonit
windowsserverug
huntertrip
TimK_Adatis
c1pher
DanielEgan
ConsultantGavin
davebally
jrowlandjones
atlantis_uk
justinlangford
SotonDPaCGroup
ThomasRushton
MSDataGroupBrum
christianbolton
danielbugday
PurpleFrogAlex
marcosfreccia
al_eardley
iainkick
ErikEJ
saschalorenz
victoria_holt
NeilDavidson
garyshort
jamiet
JStevensTaylor
devhammer
OfficeDev
MSDNDownloads
simonster
GeorginaLLewis
winappsldn
ukmsdn
TechNetUK
devconnections
mcteurope
HEAT_Software
Dcozzmagazine
rabbleband
Rokpoolraven
Vindy_Moller
Minervity
bitrebels
tkleindba
rafnowakowski
CloudSigma
Perficient_MSFT
4AD_Official
brendanperry
MVPchat
Hotelinfosystem
aspose
DBA_MAN
bradycases
GoniecLiteracki
tensixties
evaluator_group
DanamLatam
DeepFat
animamorte
ptarkkonen
MichaelJae
GosiaBorzecka
DevartSoftware
BW_React
JoeBaguley
DDubie
rodtrent
SFoskett
samj
raesmaa
simon
randybias
ZoliErdos
HighTechDad
swardley
martenmickos
Dana_Gardner
utollwi
krishnan
jamesurquhart
Werner
jeffbarr
tsqltidy
PhilBrammer
SQLMonitor
TopSQL
TechGuyAT
ThePopularvibe
GerhardWeiss
CMSExpo
SurveyMonkey
MOJOmagazine
MHMerchandise
CRMerchandise
connectpartners
maciejgrabek
TheCloudWiFi
jozefriskalcik
Boosey
deccaclassics
BerlinPhil
PendieHQ
District97
nealmorse
KateBushMusic
progrocktweets
Rick345
CameraTip
GITCA_Emea
powerpivotpro
jonmbutterworth
AlastairA
Citytv
angrykoala
Erdal_Ozkaya
joeloleson
gannotti
andrewconnell
zimmergren
jthake
meetdux
WonderLaura
stephanjenner
AndrewWoody
SharePointMag
sharepointdev
ShanesCows
jantielens
nickswan
owenallen
SharepointPros
justsharepoint
danmc
Chris_Hougardy
binarybrewery
SharePointWrTSF
TheSUG
pl_sharepoint
ferringer
StackSharePoint
mrackley
sondergaard
ShareP911
sharepint
LoriGowin
furuknap
Drisgill
SPSaturday_DC
AvePoint_Inc
toddbaginski
JDWade
SPReviews
SharePoint2010
rgiddings
BinaryRepublik
catpaint1
AliSanaei
TopSharePoint
toriamostribute
borneocyclehire
alpascual
lucif3rschild
freeantivirusx
howtogeekfeed
WinRumors
trainsto
RailUKForums
CrossCountryUK
ashwink
kodekscywilny
startuprunnertv
kevinmontgomery
justimaginet
distal_apps
alevargax
AlanPhillips7
lamarathon
RafSalas
PlamenRatchev
MaxTrinidad
wadamj
SQLScott
ApressBooks
MarkAlanDooley
jeffjames3
SharonOstaleck_
BrainChangers
nwobhmcorner
fatherjack
ShannonMcPhee
JustGiving
MessageSense
tripess
SQLwitch
therhythmisodd
CipherPointSW
joseamorales
dreamania
Atharky
ema_research
DonVinotinto
BakseDoesBI
SQLNewfie
SQL_Steve
pamshaw
SmugMug
crpietschmann
TheScarlet_Claw
AMAZONIAcerrado
TrinityStaff
glaychak
ambexplosao
zebslc
flavioandre2011
wili
JulieChix
RobZombie
markbredius
dellhome
ktessereau
SQLTodd
ambals
sql_r
PASS_WIT
PetriFeed
rememberthemilk
sadukie
SQLBalls
HASSUG
RedGateDBA
RedGateCareers
FCatae
SQLrocks
MartyCatherall
sqlevo
sqltidbits
DrHouseOfSQL
SQLExcursions
jboulineau
SQLJuJu
NewSqlJobs
SQLskills
ctesta_oneill
UN
AnitaB_org
TweetBigTools
salvador_ramos
TechNetLatam
jquintozamora
jesus_gilv
solidq
DiegoNogare
solidqes
Dre_Martins
maryarcia
sqlmashup
RonDBA
hoottech
RumblingDBA
vijayreports
MicrosoftSQLCSS
sqlbloke
amain
vmherold
BIDN
Simple_Talk
SSISBI
wardy
onpnt
Kevin3NF
vangmat
CelebritySignal
sqlgirl
gmerle
marcbeacom
ekoner
DarthSQLSidious
FDidriksen
SQLPeople
retracement
SeanDecker
StevePracy
dbist
AndySSIS
dbageek
pfehelps
MarkHions
NashSQLServer
RobertMiller
HrvojePiasevoli
SQLRich
telmmme
JohnStaffordDBA
SQLGuzel
larryrockoff
Jthe4th
drfolino
PaigeSplit
BizIntelwPhil
SQLGlenn
rusanu
michelecrockett
RKingSQLBI
lewi0168
DataAudrey
SQLPeopleEvents
SQLPilot
elcid98
jacobsebastian
SQLCindy
soledadobrien
CNNweather
errinoconnor
HansBrender
foe_us
Krzysiek_K
Syncfusion
webdarkmetal
visualstudio10
oskarphilip
SSWUGorg
NovusDoug
Librorama
AraneaEditorial
leeres
librosyletras
enedelate
babelia_elpais
casadellibro
wpo_pipa
HumanitarBazaar
TheMantle
eluniversocom
OtroZutano
TomOnTheRoof
windbi
Tattoo_mu
ConsultingTrack
CanalRCN
NoticiasUno
Contravia
lafiscalia
NoticiasRCN
elheraldoco
ELTIEMPO
ImperativeMusic
MicrosoftMIC
nakedtherapist
diluvianfrance
tso_europe
vdamu
vzeimer
Stratalux
Dave_Levy
Kendra_Little
AdamAntacid
sqlrunner
swynk
SQLBoyWonder
dyfhid
sarahspace
DevSQL
sqlwayne
mhotek
rushabhmehta
billgraziano
ColinStasiuk
Peter_Shire
tjaybelt
SarasotaSQL
wendy_dance
sqljoe
grrl_geek
lotsahelp
SQLsensei
MJSwart
jayape
stefbauer
sqlrnnr
SQLRunr
myezbizbuilder
eye4youSoftware
DowdRestoration
elNoticieroEs
sqlday_pl
SQLHA
TheSQLGuru
Bugboi
mixonline
Todd_McDermid
VidasM
BretStateham
scottbourne
InformIT
lynnlangit
cnnbrk
BarackObama
ConnectedShow
trendoid
_nodecaf
GarethSwan
NicoleDenil
ccatto
DataRealized
rogerjenn
JoeDoyle23
johndunagan
StaffOfGeeks
sqlandy
unclebiguns
SQLMaster
datachick
devfish
ryan_dorrell
dbShards
gleonardo
krist00fer
clemensv
rj_dudley
SFSSUG
hroggero
SilesianCC
PaulNielsen
bsimser
billevjen
julielerman
MidnightDBA
ChrisLove
sbohlen
peterritchie
carlosfigueroa
auntkathi
GFritchey
SqlBrit
mvelic
mjeaton
DeanWeber
mattsonlyattack
DavidGiard
Techmeme
HuffPostTech
techcrunchit
arstechnica
brianknight
Tim_Mitchell
KenSimmons
peschkaj
SamanthaMarble
HorsebackNoise
Handshake_Inc
HellboundMetal
unknownrelic
TheJoshEldridge
ACTION_PR
dbmagazine
thatshowkidzdie
gatesofslumber
profound_lore
TERMINALFM
artrockpl
itmasterclasses
theheadmusic
chickenfootjoe
dimmuborgir
SQLDBA
Cavalera_News
sankariahr
sharepointsmart
ZakkWyldeBLS
HeadbangersBall
sysctrcentral
burningshednews
beaverton_honda
metal4bremen
rob_farley
Appaloud
michaeltnoel
inboundspence
cyberslate
WomeninSP
webdes03
ScottSingleton
1kevgriff
next_connect
JoyKnows
marcykellar
SharePointRiver
Joab_Jackson
timberners_lee
zephoria
MSNewEngland
rayranson
eivatco
sharepoinTony
arpanshah
bitterac
mariosaccoia
jjkaczor
ThomasVochten
edwindotnet
AndersRask
woodywindy
paulschaeflein
speheather
EricaToelle
c_f_johnson
mmukalian
StrategicGuy
anitaboerboom
VeroniquePalmer
XeneAbraham
idubbs
ruveng
rumagyar
ejaya2
robwindsor
mauriceprather
nimrodgeva
pserzo
spssa
BASPUG
sharepointmike
spwiki
nickhadlee
chandimak
AymanElHattab
spietrek
spdustin
SharePointAds
SP_Resources
LASharePointPro
msinspireus
msft4startups
mgreco
EGHamilton
hwaterman
stevenmfowler
SharePointBox
pdebski
newmarketing30
MarlonRibunal
imaginecupus
MediaWorks_PL
ArtsMediaAlerts
VertivCo_HQ
susansmith15789
aptimize
rafalw
billinkc
SQLServerSheryl
redfogband
mdnoga
incworx
PMSharePoint
urbanminer
SCOURmusic
GemTelfer
6central
fumfel
buckleyplanet
Goldenrec
GardenCentresUK
ServerSan
ZSK_pl
IT_integracja
SanDiskEurope
nytimesbooks
earthhour
officialSOR
MurrayShattock
JazzInsideMag
cpuid_softwares
QuestNewspapers
TravelnKids
Melodramus
CulinaryChefs
Music_Marketer
info_graphic
GuardianData
_tombrown_
tableau
SteveWMathieu
OReillyMedia
architectmag
Archiculture
ArchitectLeague
hyde_architects
WACommunity
archforhumanity
ArchitectureBiz
ArchEliteUAE
peterframpton
the_blog
RogerMcGuinn
DGMLive
BillySherwood
Tanie_Loty
tpychynski
devscapecloud
USGS
odekinsls
theGathering
SQLPrincess
aspiringgeek
SQLServerIO
novolvg
lavozdegalicia
jdattis
_CorasWorks_
criticalpath
sibaraki
alexandair
markparris
flashcache
sorlov
d0m3l
jenstirrup
IamSimonaTurla
grahamtwatson
wojciechowskip
mariuszzarzycki
Conseilit
occulto
rafaldotnet
alberto_morillo
joslat
piotr_jablonski
FabianImaz
ben3003
Neil_Hambly
__sander
HassanFad
tbronzin
JimmyBoo
Aschenbrenner
Sqlsociety
briankmcdonald
RSAConference
ExchangeFeed
Agile_IT
glhotz
codegumbo
_StaciaV_
DugiDM
BenjaminNevarez
BizTek
infosecmedia
Bluesfm
windowsespana
lajornadaonline
El_Universal_Mx
RezaAlirezay
roxority
Colligo
PatMethenyNews
PatMetheny
apocalypticafi
SQLSatBR
UndiscoveredDev
msuspartner
joewebb
makovec
codygros
svickn
mhuguet
cajunmcse
TheSmilingDBA
BRSSUG
william_a_dba
JEBacaniSQLDude
akarcher
KarlaKay22
kbriankelley
SQLBouncer
SQLShaw
plugola
SoundCloudDev
SoundCloud
AllenKinsel
sqlqueen
PortalDefinite
SQLServerPlanet
wefollow
AppleMad_
netwerkenbelgie
Quest_Toad
ClearpathSG
gsgalezowski
Wiadomosci_PR
iTanum
dbrejnak
DetroitNerds
ebookddlinfo
Gonnadoo
bestebooks4you
LessThanDot
TFATD
Compt_Security
txtextcontrol
mctsummit
zecurion
Quest
VensiSolutions
cyberpolska
EUSP
rmunozcr
sqlagentman
DBSophic
drsql
pinaldave
SQLCraftsman
SQLintheWild
SQLGal
MSAzureCAT
CargoRecords
piasrecordings
FatCatRecords
CultureLabNS
msft_listens
stephenlrose
iThemesTraining
Vuze
utorrent
BitTorrent
TrendMicro
msftsecresponse
TheEconomist
nytimes
IBM_PL
tweetStandard
ComputerworldPL
L3Leadership
de_cloue
noaheverett
TwitPic
cubhost
hostels_com
nomadsworld
jazzhostels
baxpax_berlin
StarTrek
billramo
sbrasen
devmoderno
germanruizp
serverstorage
elmundoes
el_pais
zavaschi
bogdansa
WebcastLATAM
ferglo
roberto_mct
marcondesalex
alexandroprado
SSchouhan09
presssavvy
HostelBookers
remotedeskman
OnTheHub
silentes_label
TechSmith
Camtasia
matmaw
mazzz_in_Leeds
SQLBits
cci_compliance
dHolowack
PeterWinick
twibbon
SanDisk
SQLPass_PVC
SQLScottGleason
SQLSoldier
dpernar
skonnard
jchristn
marcinobel
TweedleMB
TopThingsToDo
TotalCloud
investmap
daathofficial
newbrideblog
DannyDutch
SqlBoy
HanSQL
NigelSammy
HootsuiteMobile
theSSOGE
p_leszczynski
regeiger
francmichal
BrentO
AaronBertrand
bradmcgehee
SQLPoolBoy
AndyLeonard
ArnieRowland
SQLChicken
SQLApprentice
SqlAsylum
MladenPrajdic
DatabaseNinja
AdamMachanic
RossMistry
SQLServerPedia
SQLServerCentrl
MelissaDemcsak
CharleyHanania
SQLGuyChuck
GlennAlanBerry
SQLServerMag
ReplTalk
SQLvariant
SQLBob
simon_sabin
freena
martinfowler
resharper
TMNinja
rdrozd
jack_welch
tobyrichards
WordPress
matthewhester
NASA
MSAdvertising
ExpertZone
twittpl
dobreprogramy
ProjectDowntime
patrickdba
seattleneedle
mcs_licensing
InfosecurityMag
MicrosoftRSS
MSFTCE
MicrosoftCE
WindowBuzz
MicrosoftEDU
WindowsUK
Microsoft
Managed_Servers
windowsserver
technetguy
LiveWriter
UdiDahan
bpampuch
jbarcikowski
BenHarper
hhariri
davematthewsbnd
MaciejZbrzezny
MicrosoftEMEA
Google
mspnp
newscientist
WIRED
WIREDScience
sqlhouston
abjbradford
sqluniversity
TodoSQL
JavierSQL
douglasmcdowell
SolidQIndia
DaniSQL
mark_AzureCAT
rocksolidsql
LaerteSQLDBA
LiveNationStore
learnSP
rrusa
sentryone
attunity
tonyrogerson
TargiKsiazki
WydCzarne
krainaksiazek
AmazonMarket
niedoczytania
przekroj_pl
Neon_Dance
HeatherFindlay7
jamanda
stickfiguredist
woodcutrecords
naskew
Klub_Firlej
Azure
maniserowicz
scottgu
srgm_pl
EverythingMS
SzymonPobiega
maryjofoley
codeplex
GunneyK
piotrpawlik
hvredevoort
marcinksiazek
TechCrunch
gblock
TweetDeck
shanselman
biz
wasniewski
walschots
paulustops
vitoro
EdwinMSarmiento
rem8
Rick_Rofe
jpussacq
PvB73
sharepointBY
emily__nave
POSEIDONrecords
PS_Rolf
PolishJazz
sfbayrane
mickyj
mgol
GreenCloudDC
records_vinyl
The_Undutchable
dbiesiada
theBetaGuy
networkedblogs
Idera_Software
addthis
gazpachoid
kscopemusic
VSSubscriptions
KimberlyLTripp
TDWI_EU
PaulRandal
KAYAK
DutchRiggie
DBArgenis
StrateSQL
arcanecode
mike_walsh
robboek
imrichb
peterabreu
kalsing
MicroFocusUK
MicroFocusCLab
MicroFocusColab
feedsme
AgilePoint
mddubs
wordpressdotcom
SQLSocialite
ReviverSoft
ITGPG
Telerik
GFISoftware
ZalewaCAN
alead
OneMicrosoftWay
MSWindowsITPro
fuselabs
pawel_lukasik
windowsblog
TechNetTips
Windows
hyperv_r2
MSCloud
MVPpress
vBenArmstrong
sagus
CODEGURUpl
WSSpl
ScriptingGuys
bing
GrupaLodz
bszafko
masakra
gutek
Microsoft_Feed
SQLServer
MS_Virt
frezjadg
RoseASP
pawelsmejda
timbo_b_edwards
loriedwards
owasp
symantec
XboxEntertain
DBArchitechs
itgrandprix
aebarrett
SavvyAsst
blythemorrow
jessicammoss
deathangel
SonyLegacyRecs
emereb
mikeherrity
SP2010CL
Trendsmap
Office
25yearsofdotcom
MyCryptoPick
CONFidence_news
lukaszgrala
TomNCC
WeTransfer
infoworld
MSBIC
mam_marzenie
cPanel
WebHostBusiness
mpraglowski
wrocnet
ITSpecialist
dotcominfoway
Insight_UK
WPC
poniat
datapolis
TNFlashguy
VirtualStudy
webgeekph
SQLServerBook
VJJ_BB
BrightTALK
pjter
Axceler
BillGates
MirjamvanOlst
SYMCPartners
ITBlogs
LyncHub
sqlpass
expta
hopemongers
ExtendedResults
dataBridge
TripIt
CorneliusMedia
lukaszgasior
tonyrestell
bzalewa
Greening_IT
michaelbl
pzerger
Dejan_Kosutic
Alex_Ball
JeffWettlaufer
edwinyuen
vtango
IkeOnTheWire
MS_Int_Virt
damills1320
Jbuff
orinthomas
eventbrite
rdiazconcha
tonykrij
ExpertsExchange
MVPAward
DianaKrall
kkhipple
MSCloudMgmt
virtualization
SharePointVCX
mysharepoint
allingtm
BambooNation
rhalbheer
Nimbuzz
kekline
TrainIT
ITProWebcastGuy
SQLRockstar
ITProToday
DCommunities
SPConf
project
teched_europe
redgate
Apress
soleilmoonrec
SQLMagazine
SQLServerClub
sql_joker
avocent
AvocentOEM
TechEd_NA
MicrosoftStore
Microsoft_Green
VisualStudio
msconfidential
msPartner
MSLearning
ch9
MSFTResearch
MicrosoftPress
MSFTnews
SharePoint
mswebcasts
TechNetDownload
TNEdge
blrrecords
imaginecup
ATLHelpDesk
fokslukasz
noiserobert
bamboosz
brzozow
PetrPalas
qmiswax
gstolecki
MarcinCelej
skobalczyk
Webio
jkolonko
PawelPotasinski
MusicExport
kstilger
wisniewskit
DariuszPorowski
DataCommunityPL
