FarMangiolino
Esserrepharma
BUR_Rizzoli
doctura
beppesevergnini
ValeYellow46
alecattelan
SkySport
Corriere
Fedez
NicoSavi
