StechnoSmart
LSA16
grillatg
GuillaumeSalha
Sorgen
Madelin41481701
TitouanLambert
saintrequiera
xbenji
AudreyLaubez
rolographic
DeezerDevs
TheWanderingBot
mleva
MelanieChari
_Sunsetzz_
DeezerHelp
cmaneu
Gagnez_iPhone_7
PoppersDC
camcamas
jxfranco
critelgeta1986
sylvain3013
twofacedjuggalo
cormacflynn
NascImpact
benjaminrodde
CorentinVNCT
rdeltour
camillepromerat
carl_b_anderson
PLBompard
CapAm_band
KarelU
Angadchowdhary
CD1025FM
lheyberger
BernadetteDue
lolibernat991
coccyTW
PetiteFleure468
parttimefriends
ClaireMossbach
mchnlrnng
Labynocle
BurnSchoolBand
DuMe
YoungNationbyAA
The_Plans
Aurelia_Apiona
Bellevuebandfr
hexplan
wearegush
Monkberry_Moon
Austin5Blake
Matt_Dua
lemeroubar
PiasFrance
fadonysacez
TheHivesFrance
CintiaYlvis
jolromg
fnacspectacles
TheMaccabeesFR
ryanvj_
lerackam
jolan
chevriergregory
TameshaDevlin83
Zeny_IC
xnidaaaa
rachelcartier
JulienGarret
daphne_left
AlexisRiols
_HiddenWounds
CamillePierrec1
jokkerino
alancloiseau
pabloskaf
Virginie_Co
ERGIAURORE
doowamapp
k_7
Ezeblop
mojavecore
Djou59150
MihaelaXenia
Noobeetz
egalou
Walya_0
CMoracin
njpfestival
mnrclem
Axc0
bag_of_bones_
BrmcFr
Haz_91
deezeruk
StarbucksFrance
malafond
ALEXANDREBRAHMI
GauthierMaxime
NiapNiap
DasKuma
AlaskanRecords
nicolasjammas
dorianrossini
Abdelilahkhabaz
MyLittleBigTrip
huskerduproject
uchuhere
zatopic
TeCuido_TeAmo
deezupme
LauraLHK
ComK91
gifizer
SFACHINAT
spotifyfrance
Laurettetheatre
elgrishi
Toulousemylife
tageus
mbuonomo
FCYPierre
DeezerLatam
yasmuller
Poutchiepoutch
lostangelina
poudro
jocelynbousquet
juju59150
Cyriellecereal
muriele27
Lauriecotteaux
UndercoverUchu
GrimAlice
leisha30900
NouhaTouati
LittleRockueen
Gwen_Barry
Dany_DJ_
WildBeastsFans
slakker_tca
a_guillemette
CaroBliss
StillLaughing_
qlecoutre
cedricdiedrich
frognrollFF
GOUSSTAF
TCQSPPCMLorrain
MaxHock
LMFLinda
Matthaus_LE
KHILIM
blogparis
lnouh1712
llly7
MorganeSG
dokydeezer
PigeonTheRipper
jeremyziani
J__Sa
bertrandhabart
zebyseb
jspjsstagiaire
LESBISKOTOS
vailloline
ZORAMUZIC
luisblackranger
CoralieBelrose
merseysideband
Psykorange
HelleneKa
KalashRapRock
jpcouard
17thDecember
Eloise_mgn
romaincudon
DifyGroup
dumdumgirl
songoflos
OsornoRecords
Renaudcargo
supervisionmgt
Kat_sEyes
kthparty
WLSyndrome
ExpatriateForum
MamzelDiDoo
Magalyyy
Axy_D
WhiteLiesFrance
alyse_vero
pariscinema
twil_news
Julien_Oso
rominafo
joywithcolors
HotDogSmash
herschowhr4
wsmits89
SamCOlesen
Nuit_Magique
jeremielebot
darsonville
NickFlavell
DominoRecordsFr
pascalforeau
elmo2
SteevePop
sidhu
Capriquarii
Capuccino87
HunterGarvey
pricediscount
Telecaster61
SpikeLiveMusic
DaTopten
JCdeSolaro
theresevx
A7exandr3
myblackdrop
JulienDeNicolo
