David_rp90
_boudhayan_
jfgdes
ThXou
nzlattessi
corsoa
AppExpanse
sailormerqury
EUEnergyNews
ooo_jas
acyrman
TransferMaze
juancornago
Fuckinkiddinme
batikansosun
RadioHacking
john_mclachlan
xirife
JimmyKOak
carmendezprofe
Revo33390132
adriano_galano
PedritoMorgado
fiveideasaday
SanderDecavel
EntrepreneurQ
jeiting
REdeployConf
eavilagomez
ChopDawgStudios
Padlet_iPad
dLAB_MWC
adri4silva
psicot
Diego_l_l
ColoratiGatti
audertis
silviatsistemas
franciscorivash
norsemelon
harryworld
mjeragh
itortv
membrive
redborder
logbikeapp
winecodeorg
oscarpinh
gdg_cloud
iSniffRose
juanlaube
leohemanth
dataprix
karnlund
Jnroji
ggdiez
adrinavarro
WadeeSami
DiezMencia
cloudnatived
larrykim
juanm_dominguez
sifortic
enzvega
abrahanfer
astronomerio
conormyhrvold
DanBerger_
geekshubs
geeks_academy
g_philip
VioletP32869418
pablocarmu
Toarne
sealovershop
cheddersmaker
ivan_eguiguren
naeemshaikh90
sanromra
AlMarMo
petezin
ilearninging_us
OhEugenius
rzamorad
sexotelefonico2
arodriguezrioja
magaliemarcinea
AudienseDev
jositorudeboy
AjBrook03345363
CTOs_land
laina11293418
Darksidestore
mikaelhellqvist
TheiOSDude
SwiftPeerLab
ryan_arimus
F6Y6z7fsl7
TechTalentSpain
_harishussain
gandiacoworking
albertleal
meetZaki
askari01
matis_schotte
NSBilbao
byfgfer
federicodal
che1404
sabrinamfm
_irshadpc
adriahr
Saray_dg
KotlinFuncional
geemmaa_gc
kar_kub
myell0w
a2
gtsifrikas
genadyo
vcastera
ramirezmj
Woloweb
juannavas7
adrien_villez
zats
rubengatic
aliafollow1
jlnquere
autocmshot
BuyerAcademy
xandrefreire
Votilde
vianaweb
luis1991_
ejvazlop
ViajesIncaLogro
josepescobar
dagmesut
smsjunkfilter
geek_king
AlexPereaCode
Vinayakparmar92
javicalatrava
SallyAhmedMoham
FDeliro
ayodeleohh
BooRanger
OfficeDynamics
PPacie
radiantav
kathytafel
tobiasdm
jwijerPan
PaulaG_Talent
adriia_96
oscarcv
BreisPedro
MonicaCRey
RPorteros
dizballanze
matthew_spear
addconf
saidozcan
incognition7
J_M_Corada
schlu
ahultner
carlescusido
Pagalactico
AlejoVinueza
bmolinadelcampo
AndyyHope
luigi_dimuzio
krzyzanowskim
subhransu
DevCraftWeekly
_TheCB4
fred_ash
iApple2017
behdad_k
incanus77
smorcuende
cmoranp
GreatCorrnholio
_SimonRice
rlrg_6
simjp
GarciaJJimenez
SagrarioBermudz
ivanornes
DANIELdoiser
drjson_es
gramos74
nfgabor
CarlosCG_86
djngoma
jangelplaza
davidpich
faabalia
jasonhand
moss_sh
Bosonit
CervezasSargs
igargi_
GlennPeterD
duonghominhhuy
alonsus91
the_uks_
Laura_Morillo
bhund3
Reafilma
adriana_mar3112
marioamtez
stevenhepting
muutech
E415953
soniaalemany
ItzKennyCornio
JosueYeray
justicierosBQ
uvepositivo
emergenciasesp
_RedJhon
MadridScala
MLuzGarcaVelasc
wojteklu
eguriano
freelanceios
skavt
ArecoPatricia1
frontgirlsio
_boynux_
TodocamaOutlet
Xinin_
johnsundell
i_dispensa
borogeek
Recruitersr
DarkArmy90
Chorizo_Riojano
tips_security
luiseduardoglez
smaennel
miguelpradas
TheCocoaNomad
franco230980
romobos
seattle113
zzer0srz
kecskesdagnes
Fulifanken
kamiro
DigitalBudapest
jumasagratis
teknik_tdr
devluckyness
MGCTwest
madbikeapp
SrDanigmas
miikilo
pink_wall
KatadeMedia
vinhnx
adellibovi
bertadevant
cjimenezpacho
dregatos
BuiltLight
colingabsmith
nakiostudio
fingercode
michelmarques21
aitornillo
JuanMorillios
vrodri04
giridharvc7
Berk0ld
vixentael
iyuna_ios
ivanbellalopez
v4rix_es
kamelury
krisdickinson
Diegobez
olarnaiz
angelcm
SwiftFuncional
dantoml
ioloro
DuUrso
hackcys_es
AlvaroMoraza
KaramazovShogun
ajithrnayak
MdInformatico
cdlmspejismo777
edgarsd
javiergperez
initlandBilbao
GDataPTY
raquel_rfs
elcollardementa
UKDatahouse
meghafon
sddBCN
predadornew_uio
olmeras
sebass27
griotspeak
AllconsultEng
AntonPalich
yankovz
esttorhe
vasarhelyia
JoshTheSinger16
zalomenric
LLurich
muwi_fest
DigitalPuebla
chrisYVR
marhs_
radexp
wongzigii
MarceloDev7
PythonFriends
jeffarese
jazevedo88
memechll
xlourido
yar1vn
iPabloLondon
milkmanstl
TheyCallMe_CK
SlackHQ
santicodes
KallenbergJulia
codifilo
ibelmonte
jjmata
AlexDonagueda
gnufede
daves_news
realdanipiras
SendGB
WeTransfer
mdiazrubio
nvillarin
oanamaria
thorelvasco
veducm
DarkSquareGames
marius_const
Michael_Connect
cmduconf
errordeveloper
onmyway133
biologymeetsart
promoruleta
retrophiliaa
Globaltms
gravicle
scope_es
doctoraisabel11
TriptaGupta
Louesfera
RAULRINCON2
ColladoBalcony
chrislovecnm
martinciu
valenhost
tddupree
ALUE_Partners
ccabarrocas
pepgomez
monetelab
Jacq_Humphries
ilk2010
davidenguita
smmendiola_
betabeersMAD
learnCSSinfo
adrycoapps
_dzen
jorgeuriarte
OscarRomeroPrez
tvOSDesign
UsitDev
eltiodelhugo
davidlcarrascal
fran271187
MoreoManuel
ELBIENYANTAR
NSMyself
JovenesFuturo
dseijo
gaunetes
juanmatm82
ARodellino
MrAnubyx
drlm_org
MiguelAscorbe
arketipo
BrandonKing4787
edittamartin
ebookmatt
jmnavarro
luketubs
epirros
Eduardo_Turino
Carretops
mikeabdullah
PaulSmiht7
Plantilla_SOS
alakhverdib68
AbogadoLogrono
Sinindice
KoldoMac
jmcumbreras
unirioja
AhoraZonaMedia
jesusnartinez2
Pedroreyesforpr
ekurutepe
marmenen
Javiover
gonzalopeas
codepiraterob
buddybuild
MartinPucik
carlospinera
nicoSWD
alkayzin_es
milamiguel2011
jelosa2
rrasmo
TinaDiazGrau
asamblealirios
FDSara
caci_queno
JoseGalilea
zij_mon
dr_jaus
Rosendovelaher1
jsayar
Cecilia_Mori
GyT_abogados
deleteman123
davidruizurraca
Isabel_Lasierra
Anelka
rauljimenez
jm_markez
innovalonia
eriboli80
anonimo_linux
TraslasSeries
cana2727
zhigang1992
inzaghi628
jefferamendoza
xigma74
AlvaroLario
dmcrodrigues
spiritparil
joshaber
DavidVidy
t9163551
jmpc69
giladronat
purpleyay
foskon
pbojeda
NSStudent
amoragon_
RandomStep
gpessios
filwag
SebaSj
asoglem
yagoquiros
yeskoN_
joanromano
iOSKenan
sergigracia
marmelroy
wild_ux
bensykes
pietbrauer
taylanpince
jonarrien
hpique
evabratiyeva
fgomezal
jorgegrev
maupazi
oscarsj
juliojosesanz
youshophosting
Minigym_Logrono
itxavel
aguadoo95
Sebyddd
tech_volucion
f3ed823ca8a3405
_tiagoalmeida
roberttailor79
miguemito
inbentocreative
Patricia_Cruz_
museoelder
b3ll
Aracem
boysplace
fillinsakura
DorinDanciu
jaespinmora
dmartinezinfo
losdramasdehec
stevepurkiss
emacsislife
mfcabrera
2_mittens
jpa_marco
CarlosLage6
wilfredo_perez
LuisMendiaz
Alfconal
FReigM
RolloutIO
markiiscollad
tierra_catracha
latashala
jonathan_io
betabeersBJZ
CKVendetta
puyvarea
vgcanito
drunkcodeorg
carlosdetoro
rallat
Pack_and_Pack
popoChess1
javituiter
sourcefreeze
LMLopezAV
aitor1975
sp3849mnz
PirateOrg
ayanonagon
LucioVorenoPulo
emkosz
RodrigoTrejoA
nvh
fjbelchi
icanzilb
hiDominik
NatashaTheRobot
SpotifyCares
gskbyte
JoanMolinas
jesalgadom
ProofOfMark
abizern
the_vlade
cristianviba
acaserop
kevinh6113
DanielAmitay
twannl
gnumax
WindAddict
smeger
kisabelyogi
morqon
WebyContenidos
jaradros
DELPOZOVISUAL
AlvaroWally
imho_ios
CoopingenioCoop
jcruzmac
sideround
javirevillas
alvawindows
marcosero
Isanoexite
albazamanillo
Sagall
vitovalov
vtalksnet
cucagamarra
Millaniv
casasola89
dosmanzanas
faruq48539148
EnValCar
Workapp_es
786138m
MonicaGaresc
Luccalaloca
SmartPlaces_es
margret963
parejorejo
antoniovsantos
joseprado012
emigue
InfluenFer
maxprotech
apcano1978
CatoMad
CreativiTIC
redBorder_net
JirsonTavera
xpander001
int0x13
XxfRPVzIqQesGXw
mjramos007
bigmikenugget
jgbraschi
mundo_trenes
KweekWeekMadrid
ekapic
nabergon
inigo_leon
MarkVillacampa
maspormenosnet
candadocosmico
Politica_Rioja
mdcarnedo
SenorSalmorejo
JaviGarcia091
infantil2015
Jony14vm
OrtegaTerortega
noeabadgonzalez
Prendup
dweet_io
yuso_logrono
marydoor80
borjaeg
Grupo_init
FinTechMadrid
CrispyAvellanal
Allthose
MaticGarau
j0s3m4n
joswide
txebiko
ember_dog
DarkSh4m4n
ChocoChipset
R_Dries
oscargalvan
DanielRSanchez_
haveanicecode
vedicci
TwitsDeFamobil
rcirujano
PopularPayments
MikeLoftus_
atombites
SorroGuliao
dexamina
DavBoullosa
vrmvrm
niluspc
Creativity_Cool
joel_ruiz_ruiz
ITERNOX
AlcaldeDental
Edualcaldeca
maria_tudanca
monicamenamtz
txarly74
luchiolb
rosemariebruhl
Alvaro_Willy
lucypc85
bitfield
workoholics_
elhombreopaco
julio73e
BilboStack
EhcaRosita
BPR_Jobs
dantart
Jonathanbipuro
michel_goni
coder_l_over
aganglada
didy_1983
sergcns
marga622
rcasanovan
masshoteles
ifanquat
ManuToscanoGaga
Loregarciavelas
CapacityPlanIT
PORTOVECCHIO1
darthdeka
corpece
WisdomRisen
JoseAUjaque
kevohagan
emocionado7
jpmatamorosb
540info
ArganzuelaTech
tato1991ur
Xabikip
oalberdi
ercillagorka
PGaraizar
iCongress_cat
RamonPineiro_
daniiratchet
lekum
PericoEdp44es
ppastosos
mscheifler
cazascripts
ccantizano
giria
asesoriaAYP
cafeconhack
autoantonimo
yerai_sg
revalorizate
leo_monsalve97
justojpeg
Diegorroni
SinRumboOficial
sanchicorota
CrowdFundingBB
Ethervoid
javisanroman
HomePCes
dgrabla
InstitutoIER
numcolgame
eiwaithein
fdgmarcos
javiertic
Audiense_es
ShipApps
FrancescJimenez
srcgraph
Skyweb07
akey
Bitomule
judiitms
picsoung
sdeancos
KRAIGtjgju
LuismaEx
jjordanarenas
macsoluciones
nemexxis
macrotech
edulix
Valkiria02
randellborja
_JTole
TargetVideo_es
WineFandango
pablo_lerma
cestebanez
sLoK69
plabli
elbuhoguardian
UXacademy_es
davidjarrero
recena
jynus
vieron
betabeersBGS
OUREVlEWS
jaimarca
truesightpulse
mkabwe12
igomezgarcia
lrz
Chilvman
Moxy85
imalrod
emilibalcells
josefajram
Turquia_Turismo
NiiRobinson
buzzAPI
mikemikina
bi_santa
simon_seyer
uugenio
duncanacampbell
mdaguete
grissellDani
MuKoGo
iStojanovicigi
silvandaehn
guanshanliu
albsalapointer
xaviaracil
markuspustwo
TwittFer7
croigsalvador
Joa0
DTorguet
juolgon
piercifani
_CaroBegin
alexissan
mschuetz72
SebasDesimone
jdortiz
sergiou87
Lopify
pedrolara2
rais38
CuoreData
rvieira_pt
javier_toledo
jkufver
jchaparro2001
mobiosis
clazon
gzcasas
RiojaBordon
josearcos_
rsanchez92
NSCabezon
patoroco
McFlys
LaRiojaApetece9
CAMPOMIELVERDAD
MOVVIL
oldtuna
YoEmprendo_
iSchoolSpain
ConectaCon
laratatorices
barrio_divi85
jaltu
mico_car
davidfrancos
U2Cmad
PaNaVTEC
eduSatoe
Larry7Apps
NeloChanel
Lamucca
CodetreeApp
dav_macias
pablogonzalezpe
bcnswift
Maycagt
DavidPeso
Programador_iOS
migrrrr
ChrisUeland
Abel_Pascual
AtrapaloEng
viteinfinite
MUNDILLLO2
taxilari
henngel
isidroperez
_angelmm
jmrobles
MrFlopis
Floqq
MundoNuestro_ES
FrameworkDBT
geekxico
IAmIvorPaponjak
eunatebl
bowlingrioja
agileNavarra
ma7bob79
enricenrich
Qlicktravel
ClelandAustinIP
CSIFLaRioja
LLBerganza
deepcodes
mariomnts
MigueloLR1962
David_Led
uglygirl007
MMarGarciaSolin
wricka69
juti13
kgeisshirt
mennenia
Logan_Madrid
CannJuli
viroide
bitsnocturnos
Ibai_Iturricha
briveira
FelixAsd
Simone_Ferrini
ivanilarraza
iMHLv2
jgmullor
ojoven
sonjamolero
serrahim
_BoboTonto
hacksanfermin
AlvaroSedanoGar
giordanoscalzo
GeekyTheory
Hacker40300
entredevs
antonioamgm
CNutriestetica
yolandasanjuan
omarbv
whalkira
ClinicaGDent
schmitzoide
punitreze
miguelhotero
cepg010
autentia
chencho
dangrairo
torrecam
ServihosGourmet
AppDistiller
SomosAviadores
MadridJUG
AlexCurto945
jpenades84
tedlevy515
Javier_Mtz098
lukasgradz
Smartinez081
DavidEcharri
passengers_r4
charex
Jano_Montalvo
LedRodilen
EduModrego
egulias
89bits
metamedio
Notnasiul
wakeup_app
juanlozaorbea
enjoycss
holaatodossoyan
andreuibanez
voxhosting
bbmi12344321
carlosazaustre
ggarciapaola
Carola_online
ozutto
AScheduleApp
gutierrezayuso
falleretaapp
soydelbierzo
psaneme
NinaWesten
ydarias
IconVN
Macaosala
CCIQLD
xabierlegasa
ladislavklinc
dasilvacontin
aanval
pher_2001
S3Paramasivan
Nagodelos
flopezluis
DanielTwal
MaxAntipov
fegabe
alcubilla50
cintius93
UnLtdSpain
joi_x
neckbcn
pabgn
lamollita
Jesusdml
Belen_franco
Srelgorro
alexruperez
HackTheRide
SILVERLLANERO
StubHubEngBIO
kom_256
BodegasTobia
ImaginateAlarca
suitesala
SLEONMULTISERVI
mguellsegarra
laura_santolaya
cesarmartinezlr
lauraazgra
jvicenteherrera
theyoutubehits
diecrf
danielvigueras
jordixou
supercoco9
Alerg_cacahuete
CTAnextTV
ferminslopez
Carxofeta
semurat
Joaquin_Reyes
fotoconelempren
matalahuva
AlexOteiza
santomatrimonio
sqs
sr_cafe
maomorales
maxkuri
PepeReynolds
SolucionesTalav
francholab
iortizdezarate
zigiella
Cellers2Cellers
dani_latorre
BetabeersVG
agileando
mercanayara
alvaromb
sv_slentse
javi_sangar83
castelldencus
sergiocm
mahakala
spqchan
inbeacons
GuilleSec
alai0107
F_Reinares
migmartri
_pabloalonso
Jorgeca10
SALFInformatica
martdaro
traumarioja
jmdevega
knode_io
ArnedoCalzado
ibeaconsblog
imetodo
Ingetic
CarlosAlvarezTv
bubudrc
NecesitoMovil
nmarisi
alloy
agilesync
javi87_torre
DitiramboRioja
Laurica_m
jmoreno78
ElviajedeJon
contrariansmind
MalinalcoHome
ipublistore
LaRiojaNewsguik
AdriGP_
AureSoto
munoz_gallego
vidalracing
doctorsirius
gemagarrido
thesadpunk_
AnderAldekoa
Sweetsbylu
arasthel92
SrTurras
bungalowsmadrid
LAOL77
enriquealex
belatorra
iTrendOn
iocio
AzaCarrasco
AsteriskDev
garnatxaenfu
Promocion_amos
iverona
maraujop
saghul
igalarzab
luisperalta
farturatessen
appear_in
topaciofresh
ristParmigiana
ObservaBadajoz
nahircasiva
AraTechnology
Daniel1of1
KarlosAsen
TuentiEng
Fiebreporeltren
FullVaper
NachoCornello
alewhite
jeslyvarghese
optasense_ES
fercal36
sayonarapp
marseiva
frolovus
ZAP_rootXtreme
avira_es
DREAMEVENTPampl
HeikoHepp
MarcosBL
Superbritanico
javimb9
Nivel_11
cocoadiving
betabeersHEV
cityconf
kubide
mojica
mmunozfe
justoserrano68
MKTi_mx
wolffan
cehojac
FernandReinares
javieroses
Cris_RiaoJ
kylefuller
pepesancho
jpalanco
lililinde
McFlannagan88
laian
guuille
martapt27
Alma_Pamplona
misruedas_
robinsonrojasal
DCuetoMe
carlescm
RubenLR_
OmarObedRojas
Pepito
erkekin
kozko2001
johnwildoran
DanielSharkov
delgacio
nirvik66
InsecurXtreme
joelgascoigne
valeriomazzeo
SaroFR
dortega
Karpov
NickIngall
alberto3g
wessley
juahones
goteofunding
keyvanakbary
develapps
aral
Juandisims
julianromero
ssalierno
orta
s7mediastudio
mjoseoli
ComputadorRapid
gzfrancisco
EAUTOL
buronvega
JuanjoMartine9
maximohistorico
Vanvie_
pablogeek
Amanito9
skizoor
xandrovaga
Alberto__Munoz
David_Discue
Kevin7Vega
JMCGACN
teinnova_esp
SinAlientoRock
nicktoumpelis
DeborahPatricio
HerasGutierrez
Bloguintosh
RibafrechaToday
agartime
mbermejoc
esrora
RafaelBartolome
hhg2288
jzapater
dfreniche
imagame
ay8s
despidoCIBIR
hebusto
Shu_Primikkaxd
ALLAgenda
dave_au
jalopez_
rubisf
betabeers
Teresa_IB
ziraco
Adridelap
theAntiCamp
treceMK
mjresano
bnr_giacomozzi
blogeandolared
Atrevia
GarciaLorelay55
cimamor
CnecEs
ueshiba
MathMenSpain
mariatudanca1
1and1_ES
NeoNacho
forumformacion
entrepuentes
idolart
marc_lluz
SeaSexSunParty
jjmunozhuete
Jorge__Galindo
borjadelrio
nscoder_mlg
TheAntiEvent
rvazquezromero
Cesar_Ruiz79
emprendesoft
payando
wafcalahorra
miguelespino3
rafachico77
javier_andres
carlbalbas
joaquin_caro
OfeliaMoral
alberto_velaz
Juanjmptw
ticketea
_supermarin
rlbisbe
hottercraft
QKnetwork
secnight
ikerib
RodriguezPerez9
funappseu
madmak3r
AprendeGit
aalbagarcia
WeDevelopers
Emprendedor_Soc
publimovilvlc
sr_lobo_grr
DharmaComparte
jjmartinbeltran
inCASA_spain
Lycaweb
letrasdelaurel
imailios
mikelgarcia94
ludyferro
abel_petabyte
oyara
_carletex_
otradimensionSM
luisobo
lgaches
Victor21latorre
zapaterialeiva
torresburriel
enekopalencia
keyholiano
JoserraCalzada
ipili85
poncevk
ikerbarrena
gonzalezreal
fabiopelosin
jablanco
jrivasdu
ManuelAInc
_carlosvillar_
rmaqueda
el_labe
torhector2
lmelo
_Frodrig
Quomai_es
NSErnesto
rbarbera
izqui9
frr149
nandodelauni
Pmunoz08
erikerice
Sommer
idenjoe
byjuanamn
StuFFmc
migueldiazrubio
movilidapp
josian1887
jberlana
misruedas_logro
pedrod_lp
acvivo
victorbaro
joseph_carney
gimenete
backbeamio
javy97
RedCastana
atSistemas
martinprins
cesar_mtnez
NewSammyBar
ibonilm
CesarAAlmerinoI
mfeijoo
komunanet
InproasCons
nes_puras
AsertividadBego
farciaramirez
NSSpain
edogomez
nrpalao
Ignacio_Upp
joseluisVdS
gorkma
pabloalbizu
arycoronado
jipalaciosmo
javiercostacom
gadeammm
valgreens
jenieto92
ferpega_
BarricaTechDay
MaisoJb
OsabaTech
Funwame
Rest_Urcey
ShadowJour
najera2008
JvrBaena
DanielDiSu
lauraamaralmesa
karmacracy
ant_laguna
s_0rtega
agonzalezro
glori27864007
jorgebastida
DvdBng
nuibarra
luisrecuenco
tbanobre
hugoshare
AdrianLSalas
joseantonioaras
lmmartin
m_marqueshuelin
JumpToFive
rafarodacom
telebego
samuelDmarques
GarAJE_Madrid
DjGhostSpain
estudiantesUR
gcm_85
Bandisain1
dbcontent
emaiz88
CesarFernN
RestauranteCRM
jaimearanda
jnillo9
GestionaActivos
miradorclavijo
Quarkbite
PremiumDominios
backtrack_mx
JaviTobar1
idominiun
SelectaDNASpain
Turismo_Arnedo
LuisDotNet
javierburon
UPyDLogrono
RaulBatuecas
muebledenajera
GraceMenor
hotellasaguedas
pepibumur
lferna
Eacha3
fragonarc
JaviStarter
JonahLupton
MiPaMur
ambe_formacion
ExesEmprende
Piratawww
buildozerapp
MartaNunez_S
AAlvargonzalez
gonzaloplaza
castlimon
carlossanchezp
marcoseguillor
somoscalado
ipedrazas
BangApple
Lonifasiko
cursogit
Scringo
dlopezdec
crissantamarina
Mikel_gorra
platoniq
txipi
UEIASocial
carlosmoure
artberri
MarcosRamajo
k4rliky
edkill1
yeamman
Multiplikdor
gemamora
marian_gene
munozdiazgerman
CherrypickSL
old_sound
VMLazaro
vitasik
aaromnido
angelcreative
zampaencasa
luisete6699
w3badajoz
LuisJRuiz
semmantica
start_camp
diegojferh
Drgon30109
alex_andreu
Estercita83
ralvarezsalcedo
josek_net
latavina
EclipseGamesSC
viguera87
A_Ma_Arte
fsp_89
joanballester
Intedomilarioja
CarlosITSec
Rioja_Biosfera
nocierrecein
aperezpaya
stbecerra
VolapieLogrono
2SiliconValley
betabeersZGZ
PabloSerranoF
DegustaLaRioja
JROpere
JesusMurF
PlugandPlayES
Nata_lia00
TabernaOllauri
CesarDerrivos
23rdStreet_Mad
iescomercio
aresrioja10
tbeisti
2013motiva2
5CR4M
MonxoJarto
ActualFestival
QuiqueAlcalde
_DarkSpirit
alexpribe
J_David_Cs
probertoj
Nemesis412
luischicotelgdv
franantares
tvrioja
tognodrs
CLardero
PablooriaDesign
Adrimartin
luismicamara
anii118
AptosConEncanto
IEPosgrado
uteslarlarioja
sandrartaboada
JesusPerezLlano
kastek_sama
lafabricagrupo
JLPerezPastor
_AnnaROMERO
MadridPlan
amaisom
diegomarino
Inversore
fateuser
Mikel_Mkt
OscarModrego
antonio_camacho
el_piranna
imkilab
Kikedondo
todostartups
AirinRojas
nuriblan
Gyorgo7
luisfloritb
euskalneska
RewameApp
feralamillo
Something_Legal
abelgibert
linktoGrowUP
linktoStart
SoniaMulero
Borja_lland
Pedro26Rdgz
JesusZuniga88
mateorouco
m_sassa
Anamenazanzana
sheila_chein305
marcos_vidal
yondemon
KamalMajaiti
blancus11
Jmgreyero
miopillo
fred_SSC
eabreu112
ChemaEspinosaEA
BetabeersRIO
javimonsalupe
javiercejudo
serjrs
ElenaGarciaPont
GranJawar
javvarcar
3DSMadrid
xannete
sergioborne
Intercrastina
assarasua
ItziarAlmendra
comprarunmovil
jlpancorbo
CarlosIRojas
Insaus07
Trollkemada
gregorgoyo
OscarMVal
preocupao
carontedar
Annusky9
atlante83
Silviky11
jonseg
ind3x
Carlos_Logrono
grupoaipasa
aticomdesign
PlanMK
BPSoftC
Calaosbriones
FedeJordan
BarbaneroJavier
androcode
mjgaroz
smacky0610
eventosfera
Palomitade_maiz
FabioHeras
jotaro17
_vivixa
dreamslogro
TuTerracita
JaviCornago
Eva_M_G_D
Dani_Roig_Can
espinodeje
vinomium
Hectormmorell
etham
candelita80
SherpaES
cesar_c_j
PamelaCommunity
rightscale
Barriosabogados
rafamolone
Gamondos
JuanBordona
Formavolucion
iW_Vitoria
CeeiMurcia
j_m_perurena
ieduardogf
MALLAFRE_YO
educadorenvinos
Numeness
tigus1908
ElEcoLaRioja
fpabadia
BusLogrono
os_jimenez
DpR_Sound
alexxinozgz
LuisenNYC
iRescate
semaoui
Techdencias
GetAppSpain
dieyus
adiazcan
MegathonWindows
MicttBIT
CtroRIOJAMadrid
mariavillarmar
renedo_21
Discobusdj
Cesar_ADDOOR
javilop
JorgeArasanz
AudienseCo
Ladrillodebarro
pemaiz
urikpd
mendel81
alvarofr_
farcman
BarcoPepe
pedroangelsanch
rodadofrutos
GESTUOFI
EstherFormaV
carlosgalsal
RaulMayoCES
mdquel
charojl
jonathangak
guel135
JulioC_delaVega
Tastavin
ASuarezMoreno
estatodoenuso
cluers_com
VictorManriqueY
laieva22
jrodanes
CarballoIg
NaturalWorldEco
apelcervera
LavegaRaul
MartinJMS
Mellenthin116
malenax81
ESanuncios
SwapnilRocks7
DjangoBilbao
PacoelChino
daosya
javivere
Juanmi_gs
ToniOtos
uvacapulla
venderundominio
lrevilla
aartiles24
jmgarciaperez
PiratasLaRioja
laredticos
juanvalert
edw1n_t
CRJ_Rioja
iortemar
jgarcesazofra
nachoad
MonoConPanal
jberraondo
acebr
sanchezcoach
S_Claver
nexohosting
CarlosSampe
taboada_juan
angel_lo
LauraLacarra
EmilioMarquez
aibarrondo
nimpedrojo
TodoEmer_CyL
web20lovers
Rioja_TIC
JuanMartinez
gmolino
LeItOgOmiToZ
fcruzvil
ALUEnterpriseES
jm_merino
TurismoArnedo
TaxiSostenible
evallorca
atxxa
masscomm_data
JulioComforp
R3CS1
NataliaAldaba
andrearguezR
AnaCortaire
victoria_stop
athleticlubilbo
FrancisVaquero
elisapalacios0
dtabernah
elbauleventos
novoa29
fpmweb
PapeleriaTrazos
Mario_Ezquerro
AinaraSU
besaez
MikelGNZ
javi_heras
da_egana
alehopgm
davlayer
Indiallende
nlertxundi
AnyelinaMatoss
nabaroa
7camicielogrono
damp_earth
alemaniaturismo
daquinons
thekreativeroom
tatai
vicentehidalgo
CongresoCloud
iniciador_NAV
msalinasarce
josebacolera
PedroCardenosa
feren3d
ZabatiaTech
ArturoMG_ALE
EXPERTSINCRO
CSobejano
jvarela__
Guille_Galilea
raZcacielo
adria50522820
abcpuntorioja
celebritydm
w0rldart
fmorenoper
AlvaroRMoya
DaniloGZ
calamill
david_eb
SaraMxt
luisjalvarez
maria_calvo_i
javiballe
ftobiasmoreno
albdavila
qe_cosme
Beneibols
edusanrufo
Marodriguez1971
ivangvillar
Redworking
RPanyVino
fdelpozo
jfelixespinosa
espinosa_esther
iW_Uni
Mberoiz
Carsaga_
asier_Logro
MateoyBernabe
riojaculinaria
michelgonzlez1
Rulo7party
chus_pellejero
BeatrizmdgA
ergymar
sagra68
javiG
MarketinGalaxy
CamaraRioja
opticacapitol
Salva_90
Kerbeross
raulitoriba
TelecoInfeliz
alberto_iLUNE
98_centeno
Hotelpikapika
TelloPako
joserobleda
Txemanu
AERestudiantes
Fran_MCP
BarraAEIR
albgonzalez13
foleranser
MiguelPRuiz
JaviMostoles
jasuca
snunsan
geekcovery
fcjurado
arielcamus
RTVELaRioja
sefford
ivanmartit
_jgasteiz
oskarbi
mass_av
inesdrake
ExplorerByX
yamilsalinas
USORioja
Primeraabajo
pepedirk41
Amayaes1
marketingexpres
davidcontinente
ToferMurillo
masqueduende3
coronalogro_o
ASOCIACION_APIR
jomartg_
carolvscarol
BoletinViajes
sardaana88
SantiagoRiver15
eterravansl
luissagasta
ArprtWlcmSrvc
fmartingr
omonteros
rakcsd
peritodirecto
Juancho_Cabrera
CatandoEventos
TuppersexL
err0r_kt
Victor_Maths
raul_marin_d
ikerapps
Tenredamos
OVH
pedrolt112
gvsara
Lainformacinen1
Lascorbe
MeleroRaq
jezuceto
sabanabin78
cristiangsp
rochoa
VadimTk
pedrotgimenez
cocociana
LoremSolutions
ChemaUrraca
juannavallas
datalia
Rastalextremo
javiereguiluz
Moha11murillo
alfernan88
tuwebalinstante
inigogu
JuanAngelCacao
jagonzro
nothnk
ainarabilbao
kroniksan
jorgevic77
OscarOrtega_
empresa_rioja
OndaCeroRiojaBa
ideateca
planetapartment
javierhr89
povedica
serginator
MeleroChoc
PSaezHerce
ALUEnterprise
LinksWebs
herni89rioja
Juriura
Aupa_Mirandes
BeaPecas
InternautasTude
inaki_lv
roberto_asir
astifr
mael_
LongF
Canpanario97
GastroPirata
conchaosab
edelrionen
paulamoneo
ejemplotel
m4r13t3
JorgeIzdo
conactitudon
corresponsalIRJ
theistian
cwzgz
javiunzu
RaquelAzofra
BlueSalads
mariamedrano91
RSecuritypd
hgDeveloper
gabisantolaya
vmva99
WindowsXY
laRADIOPATIO
calcco
Helena_Hota
Perrygatos
MilPetalos
losreyesmajos
sdsastre1100
adsuara
victorgil
DigoPioPio
donmariolo
new_home_es
yvoictra
AtienzaCristina
mateubalaguer
MassSecurity_es
albertocanas
chichocoyote
CamareroUR
andiez7785
LuisMCarrascon
policia092logro
igordelter
LauraCDelCerro
IbaezSancha
navarraorain
luismilogrono
DiegoJimenez
savicas
AntonioAlcantra
jlarreagarcia
trustel
begoaquesolo
iOutlook
JorgeAlacid1
marcoslgn
ReinaMoora
Blue_Ibiza
javier_larrea
ferrerzalez
Traspistado
edentity_es
miacidezdelas10
Javi_Garci86
ysearmoelbelen
ifedu
gosocios
berneditus
SerLugam
mjsanchoj
natalysita2412
LuisPerezEche
carvallesan
f_pioneros
navarragastro
1987_UDL
iolooo
VisionMundi
grupohostienda
ARuizSantolaya
pirendo
videoconfercroi
subidubi
mdenoche
raulsgnz
patriolamola
ARNesarnedo
VillegasCD
adelitafg
elTitular_Rioja
EurekaStartups
iBotica
infoharo
inigojim
chomeni87
aitor_rl
marsanaro
erikajohnstotr
moisesmorla
AnabelSB9
radvision
Nfactori
Beatorrex
leticonce
rociln
AMVPCSTODOMINGO
fdzpierola
evanor_
StolenLion
AgileRioja
chabe76
Clinica_Web
Gundismalus
LauraUrbieta
CantinaMariachi
niwinz
pepolumbreras
HacksHackersMAD
anruizp
VictorCarinanos
albertortizcape
Wicomgroup
redvecinalrioja
Najarro87
Riojanismos
ToroCid
SOSRioja
BIOCOMBUS
WorldskillsSPN
davidtauste
EspirituNASF
jmizcue
viauve
Worldskills2015
135_laura
BankofWords
Chopsuey_7
paramount_norma
GanasdeVivir
caquesolo
lacomediacafe
Thinktic
BarrancoPerdido
BOICOT_PROD_CAT
adrianrodri88
AI2R
andermartt
riojaysalud
riojasaborcom
ColectiviaRioja
losenblanco
LadyLanding
stickway
tejasycanales
JoseAntonioGa51
ildue
raqueldavalos
Comprartienepre
JLCaminero68
comunicador2011
ANA91181
cura3punto0
AnaRojoSan
Videosysalud
RAFA_CHAMORRO
Vilau
rodriguezloreto
IES_Cossio
davidbs
Yoriento
AzafatasRioja
lariojacom
staffrioja
Pla_voluntario
NaveIverson
pedro_muro
Miki_Nohaymas
Fernov90
NoticiasdlRioja
ENELOGRONO
gustavo_esa
procesyva
Fidelfuce
jorgealvarez
gps_experts
nerealeon
dperujof1988
analacalle
La_Trigli
RodriMusic
LuisSerranoR
mariaferu
MValde_
CrisHernaez
CriS_Rioja
AbelPerujo
javiermangado
TTLaRioja
ODM_Computers
seeouxes
alvic_soto
FergonAlex
fm_lider
aretio
MikfardYornik
cristina_maiso
TerryRoldan
lazaroelmundo
_In_Pulso
MariaPuerta80
aitormurciano
TXD_Basket
nsanservando
Patri_dlR
jrlopezbenito
fibertothenorth
jramonleon
thefingerfor
rubensanmiguel
MaraGdV
FratiRita
sergiomesal
LanguageBridge1
Laurysrs
SV_Santamaria
jig_es
Emilioabel
FelipeALU
donChabis
LunaNorberto
DiMoreR
se_anaranjada
JRAngelJose
OsabaCocinas
Sanfermines11
mary_anx
viajarenunclic
metocalosguevos
turismolarioja
movistarpro_es
Mariabuqueras
exitaeINF
aortegajimenez
UnionD_Logrones
irenemfdesigner
linsms
TodoEmergencias
AnaPCornago
simonnegretes
sandraolmos88
SantiGalilea
AlbaReinares
arsitinere
ElCensoRiojano
Javinavar
miguel2angel
LeoA68
SenorioDeBaros
baithro
AdolfoCresel
RaquelMesonero
niotelecom
virginiaducros
Alexdm91
CrossnetIP
AcampadaCala
charydemaria
lolo_lolito
albeldadeiregua
eloy88
Irmauiy
dbergasa
Vemiraycuentalo
RiojaHack
A_Ojeda79
hardigancity
CruzRojaRioja
Bostezo22
potey10
massPanasonic
TabernaTioBlas
zgz_provincia
nagotero
angelicozald9
EEA_rioja
andres_pascual
dyalonso
pabloalc87
jjcaballeroc
IDOIA_MASSCOMM
CiudadanosLog
CruzRojaLogrono
tigreton
Emprenderioja
culturadelqueso
inesimar
Jisas15
kuikailer
danielsolo
vareita
OscGG
xavier2367
LetsBVitoria
LetsSSebastian
exitaeAVS
MarNov88
angelito_mart
jhijazo
txumari
josemariojafato
alfrod66
LogronoVice
cesaralonso88
AnnaZhus
luisru90
crisdelapenia
gandalf_cr
EventoscnCausa
atrandafir
mj_acuna
redfp
Sergio9Marin
mvalverdep
Aitor_Landa
alexsobrino
malonsorosa
Plantillas_Web_
lucronio
belezos
HOMBRESSOLOS
iPodSecretos
ricardomadaria
ruben_rio
sui90
guruizb
darw91
deimos986
davidcontrerasm
mariaytodos
krixer
David_Corcuera
MAmbienteRioja
exporeclamos
chema_ciarreta
JIG_igurria
imc2_0
OriolChavez
vivirsinmiedoLR
indignaos
P_RB
vanesa_massMK
juanctejeda
asiermarques
JoseMariaGA
lapatadelamesa
sm_party
javituits
francescprats
cntoesia
beatrizmateo
JJSanMartin
SpainSkillsBlog
LED_LUX
elbauldejaime
Zec_logrono
PSOELogrono
sabuesoriojano
charlwhiteway
OrsusSolutions
Carolyne_e
systecal
montejo
JMJenLaRioja
Cristinaquint
fran_cdlsiempre
TurboGrafico
jozusu
Josemedrano
_manxam_
gauluze
juriarteulargui
eyes_ofthedevil
Bibaheu
eduardoEstebas
voxcomES
gersanvil
Hola_2011
plofstore
pabloskiki
nlasherashe
LuismixVinos
rodrizar
apicatoste
vvisairasb
achocarro
davcordon
asiertarancon
navaridas
jepalaci
depadrewine
PolCPP
Paquita69
bzuzama
weclic_net
fanturistic
tomeuCabrer
IsidroTenorio
miriamicasa
kanciller
nuevaimagen
dgutierrez88
JonatanDiez
ceesteg
_Argi_
fustero
josetxo_iLUNE
PilarJerico
lariojaturismo
lulango
FelixPelaez
amadeolazaro
chusdrs
dreig
LuciaLovegood
jesusmlopezb
gorkipan
quniversitaria
socratestroll
jeico79
raquelrecio
CNMCtelecos
RugbySoluciones
miguelvaleroseo
TEDxLaRioja
cosechadel66
elsamkonline
Jose_Cosin
manumateos
Xaviondo
Alvarochopo
hablamoslogrono
martinrioja
myr_iam
4sqnavarra
raquelgh
commcenter_es
poznan_es
sygu00
JorgeCasar
jaime_izquierdo
juanjo4x4
blas_osaba
Borjadealba
conrado_escobar
SDI_software
EstrategiasWS
dr_levis
DMonton
nngglarioja
emprelab
ismavd
desigbcn
amangado
CarlosCuevasV
santicl
Leorza
madronito
CalvoConBarba
ijimra
czuluaga
proneticas
dosyogures
ConsultoresMB45
geriuxx
Riojanitoo
VdePablo
MrDivlak
RiojaInnovacion
vinopediatv
antonymarceles
silviasoto6
verdel99
lumiell
rgsaenz
Laura_Tellaeche
MrSnowLeopard
edokoa
cesarluena
aparicioa
pedrobauza
gabycastellanos
marcosarteaga
namastedev
UGTLaRioja
stif
ceu_amc
candceventos
EquipoGNOSS
Mertxe_Beriain
rmzabala
OskarEchavarri
cidacosdigital
Carlos_Msscmm
cafekutz
XaviCapellades
Sergioagua
telepicha_es
Ortega_s
Palvarez
Tweet_Bros
noelcarrion
jlgarciainiguez
tecnoscopio
LaMordidaNet
javierfdez1
jzabalo
vodafone_es
aleonjc
aomatos
RMCarnero
rauldiaz_
Roconda_
ribafrecha
ifilosofia
donkelito
juegodelmundial
ProfN1
osabacom
GrupoOsaba
dianagonzalez
HostingFest
SXenia
140_mag
telepizza_es
johandebruin
GeeksRoom
israelarribas
Vintae
CrisAlcazar
veyibomb
Groupon_ACoruna
lalaurel
Groupon_Logro
ayecora
FransBreddels
JLdelrincon
juan_osaba
kilik85
SpainSkills
svenscher
lariojacapital
ZUASTI_CLUB
Vbandin
amarkule
Millanettic
rafa_aguilera
MiguelFCala
Dyego73
nere_ariztoy
superarlacrisis
eduardobenito10
Soyunauva
viscoform
rubencarbonero
wlappe
cesarviana
davideguizabal
laurelreviews
AdrianCeniceros
damiande
angeljsanchez
molcru
earaiz
ideas4all
comScore
WebAmbiental
movistar_es
orientateatokio
pablomoreiras
Iniciador_RIO
viral_tribe
adgllorente
escuelalebal
riojanoxmadrid
ConsuelRFykse
dernapo
Casalarreina
DaringIdeas
mikebelindo
expertoenvinos
FernandoUrra
ErJimi
Zopokx
FRInnova
arsys
RiojaDigital
isamartinramos
vargas_1923
VirginiaBorges
FibraKnet
aldaytu
overlaymagazine
davidmaeztu
javixnoe
riojasalud
felixcaperos
jorgemn
danicarrillo
winesandtwitts
GRUPOECO3G
PSOELaRioja
Fartys
juannietogarcia
pixeliko
quebuenvino
leptom
fjridruejo
UFshoes
manucdl
fpalacios
ricardom76
rubenvinagre
neokensou
cmende3
masscommInnova
riojaparty
cesarleon
lasblogenpunto
puytri
