AbhayCh23_
sparab18
danielsaul
rachaelhealy93
ChiKrishna
CaelidhSmith
KerryOsborne6
dallastexasbabu
JasonVosler
singhpriyanshu_
markpenver
DM4Grads
SPORTvision1
uche_ofili
Narniarawr
DEjnk
SKTripa14394200
EmmyFai
jessicamackk
jordannrivera
Amit_9911
AyushSi51043626
usarvaiya1
40f878d4ad934d2
iamscottpage
SiriouslySusan
kat_schouten
LizzeBrckmn
SumedhaSays
AkashB1995
DomOulton
shubhamjejani95
pipgle
johnelincoln
johnrampton
seminalkic
benlandis
DrahcirWu
_txlsi
shwood
Hanzy123
tinymce
JoinAppGenius
lauriejwj
ArshiaMRZD
LiamHesketh
AyushKumar94
DebutCareers
dounowhoiam
UCLFC_
PrenumeNume96
paulmoconnell
MaitrePatel
anush_ks
rawaffiliation
MidicationLTD
McrPhotoSchool
momenhelal
ParentsTweeting
byronhamburgers
AADrummzz
ThreeUnwiseMen1
AmayBham
srobersonreed82
aarambhs
RohanSant
HEadbr3aker
phylisjerono
69sexfreaks
GyanOfGod
Japperz26
AMG2000Matthew
aashanakaur1
AnneBerylLumumb
Ryanmahi
SammyE_B
magalysolmo590
wahaca
dass_15
Vish_nair21
ganeshpadiyar72
kakakalinda
janice_0616
FlappySingh
LakshmiSingh01
laauraparkinson
AK8694
Ritvik_M
commondesikid
Ghatib5
apoorvaverma01
akm4008
lizziesharkeey
UGSbeats
RamandeepMungur
CrazyAsianEmo
fudgewalrus
FallOutPhoneix
MojoTheJojo95
shivmistry1
TomFGL
AaronCMcM
J_AlexMoore
lilrichardsonn
FranTrussell
Chrisrex95
SyrielleNmn8492
PallaviSarin
Shreyg96
nisharamjuttun
kristeenstuart2
Akansha_Garg09
MrJasonChu
PravarPetkar
JCoutsavlis
dima13742008
HannahBoone12
CatPodmore
NilamNio
LassiLove
NRamjuttun
GeetalaRahul
Davora
classicjks
nikhilshah1997
marike_ruther
Aishwarya_bh
RahanMirza95
AlexCockerham
Samir__Salim
alex_race96
WillBaxter24
PrachAgarwal
mani_jpg
MooreheadDaniel
apratap3200
peteroshea__
Jonny95D
ashleysesay
CedricVanDuffel
sakitirk
juustadil
reecekapoor96
thedonshah
tcrookall96
MuskanSinghh
Lauren90591197
fresco_freddo
aakankshaverma_
akhil13579
avisethi10
DanKhanDK
RahulChopra7
IdrisFaily
beccayoung__
PragyanTulsian
Abhishe85758276
Danial_Faroooq
noggakeats
nileshk87757891
rosieedney
thomasgraham57
thesood197
Argha195
CharlotteNJoyce
faizanawan
kamathsachins
Molliebeth15
EwanHillNorris
amyellen__
peter_oshea23
miuirom
ThingsAnwarSays
victoriaaaa96
gokussjx
RobertPowell30
CyborgCake
ashleyhayes69
WhatTheBeth
alexfoster26
PhoebeJRobinson
naheemsharif3
brindley_joe
uncle_pavlov
LinaCline
GoyalBhuvan
taylorling
daveetaylor
CatherineM27
BinWiz
BellearPromo
EvansyBeth
NinsyW
NeverQuitOnU_
BlairBennett20
EveGreen3
sammybalsamic
melsamson97
Its__Quagmire
peekahbooh
Nunnsy95
BeeSnixxx
heisjoewood
NuckingFuts4
Elaine7287
Elisusantie
atomek1000
DiscountinfoUk
ElephantDolphin
dogtoycouk
Tricky103
fudgee101
_BroTip_
ellarawthore
Latricebx522
Ardithla87
Vicky___L
_Hamz4h
Liam_Dodd14
Eoin_OBrien96
btpaton
robbie_96
Tom___Graham
lukespellman
HazAnjum95
SwiftKey
peleroberts
Abhii1995
bexylauren11
sonnysinghs
mblaus2
DaHiGoMeZZ
StaraiedesGC
TheArtOfMakeup
Arshi_em
padmareddy99
roysteffi
darkseraph32i
Terp4Life049568
plangi
josephearl
harshwardhan29
shirish_payasi
spayasi
hulbatte73937
corydon20
