AmazonESP
AjTorrelles
Candeliano
OscarAndreu
estapassanttv3
annavallho
dracia_13
Well086
xcomascodina
MyriamFustinoni
Pirineus1OCT
jmphotography36
BillyTalentES
DSaRemainsDSame
il0veComedy
PlayGrounder
murbophoto
kdelacreme
Desigual_ES
rgranadosd
eric_vela_abia
RaulBresme
NBrachs
ING_es
moododd
LolitoGuHi
BillyTalentBand
Mr_Gili
gabrielrufian
fedme_es
elscatarres
ramonmirabet
latrincaoficial
tonialba
NatGeo
davidambt
Cabronazi
WeddWithLove
TendenciasBodas
unabodaoriginal
Wedding
ThisTwatBelow
il0veNostalgia
Montse_Vidal
GoPro
Ylvis
BadAlbumCovers
alcantara_alb
soenmusic
theparlormob
VPCvapes
YoufeckingIdiot
sergioespejo_87
iWhat_The_fuck
RocknRollFoto
Rocksmithgame
PoemPorns
GreenpeaceCAT
JLlMerlos
oldpicsarchive
emilioduropamie
ElenaGadel
ana_morgade
dafnepatruno
ServiceManagers
lluis_llach
ClassicPixs
dustindiamond
annacorbella
jigg1974
EscolaPalcam
TBVines
xaviolive
m_flinch
DreamHouseX
koadann
aaronaedy
NickHolmesPL
OfficialPL
moodvintage
CridaDemocracia
ShelleyBCQB
DeModaLV
nuria_noemi
theCHIVE
AlanLillo
2CV_enough
hllywdhsslhff
Bloodhound_Gang
afersexteriors
HistoryInPics
NaturPictures
Laluzenpapel
esdiarimenorca
bcn_ajuntament
aherop
NuriaPicas
f_lamata
desigual
CavallsdelVent
VitaliaQuiro
EMedina_Ruiz
SummitsofMyLife
Agents_Rurals
Pumocat
bomberscat
Ocisportserveis
Teixina
sergio_lesmes
emparmoliner
Mireia_Miro
desnivelados
fricandomatiner
YouCatindepe
FEEC_cat
bruno_oro
rverdmor
JIDoubleMYPopGo
silvia_coru
la_marato
jordisellas
jonsistiaga
xavierbosch
miquelcalcada
omnium
exploraguies
ferriferri83
TheNorthFaceEU
CarlosPauner
LUISENRIQUE21
BibianaBallbe
ClubRACC
APM
LaTdP
retoMaraton_com
LorenaMorgado
genisroca
Knox_79
totallycoolpix
soler_toni
agriculturacat
AcertingArt
gencat
Aracelisegarra
ferranlatorre
Edurne_Pasaban
albhert
marc_juanola
amonratore
rauljblanco
obrintpas
chickenfootjoe
TomasMolinaB
xavisarria
cristianbatlle
324cat
Sokolowicz
jordi_cor
antonibassas
VadorLlado
QuimMonzo
GameOnPau
airelliuretv3
Cerdanyola
VilaWeb
llenguacatalana
Catala_Correcte
GrupManel
AgentsRurals
kilianj
