KensingtonRoyal
JordiCruzMas
Snapchat
JordiLabanda3
josecorbacho
malditobulo
ObamaFoundation
RyanAbe
ALESSGIBAJA2
esperanzagracia
GiGiHadid
RTUKnews
MPSKenChel
CityPolice
metpoliceuk
thisiscustom_
CataDeCambridge
Vaquerizoo_
ghoficial
anaazul12
missVmoss
AlbertJBurton
POTUS44
AngelaAhrendts
maria_patino
LUJAN_AR
samantavillar
jjaviervazquez
jennafischer
edhelms
JasonReitman
BenAffleck
BBBaumgartner
hitRECord
rainnwilson
soulpancake
hitRECordJoe
batemanjason
mindykaling
jimmykimmel
bjnovak
SteveCarell
MrsBlak_UK
patiebrat
StellerStories
belenrdguez
vestiaireco
My_ValidActor
Expo2015Milano
coolturemag_
thisisglobally
TheCommsStore
TCS_Tom
TCS_Daniel
LondonFashionWk
dreelovechild
YoSeDeAlonso
YoSeDeFormula1
MotorsportWeek
MissTailor_es
theindustryfash
Refinery29
TheCut
BoF
VagendaMagazine
Food2u_app
ajeosssi
TOPgolazos
tviso_es
patatabravacom
RevistaTviso
parfavar_es
nyancorp
VICE
coldplay
vicenews
ShitBloggers
bibivdvelden
Allure_magazine
Gagosian
OuurStudio
cerealguides
kinfolkmag
rosa_park
cerealmag
honestburgers
MileyCyrus
Ana_Amengual
HSKWaterstones
mydomaine
byrdiebeauty
ForceIndiaF1
danielricciardo
redbullracing
WilliamsRacing
PhrasesDisneyES
F1
MercedesAMGF1
THISISNOTNEW
f1writers
njuancof1
delikatissen
vitra
DomusWeb
MOTIFDesign2
emtmujerwoman
SamuelWindsor
ShirtbyHandUK
TheGoodWife_CBS
GoodWifeWriters
MRPORTERLIVE
EllenPage
MrJoshCharles
Jillzarin
SonjatMorgan
kellybensimon
yumchaatea
VirginActiveUK
Eleonoracarisi
giorgiatordini
jgcatela
humansofny
bertiers
GavinDeGraw
johnkrasinski
innocent
LondONtheinside
iamagvero
alexandani
digitalmoda
karenrobinovitz
TheRealDBA
AlizaLicht
lorde
thelaurengraham
DevendraBanhart
pdnonline
annieleibovitz
RossopomodoroUK
Carluccios
ilovetypography
ID_Designed
pentagram
LogoDesignLove
CreativeReview
printmag
HOWbrand
logolounge
heidimobile
ActuallyNPH
Upworthy
ShoeEmbassy
rogerfederer
ManRepeller
HillaryClinton
HistoriaEnFotos
Pipapulgarcita
HayQueSaberlo
Klarilis
therealdcf1
nico_rosberg
AussieGrit
FakeTomita
TheComedyHumor
Daily_FML
AP_Fashion
LuellaAndJune
MarlienR
RueLaLa
FredrikEklundNY
RyanSerhant
GettyImagesNews
GettyImages
ericgoldie
iamHeatherT
teresadifalco
agencyrepublic
Briatore
mccannlondon
saatchilondon
LeoBurnettLDN
Neopublicistas
WarrenBuffett
THR
PageSix
SocialLifeMag
AP
Newsweek
nytimes
NYDailyNews
nypost
MeredithMelling
Coveteur
ramonasinger
modaoperandi
Bethenny
martinakleinpro
El_fotomaton
EresCurioso
Khaled_22
aleixescassi
carlescosta_
digg
TfLTrafficNews
MuseumModernArt
ArchDigest
Trottamundos
alvaromeka
ignagarate
silviapomcas
poppydelevingne
Burberry
Jaime_King
theselby
xxuuxxiii
MejoresTwits
Sr_Dios
Forbes_es
mrwonderful_
i_D
cupofcouple
GoodRebels
fancy
dalecolor
Miriamballestam
didiadna
ohjoy
RosieLondoner
smoda
Forbes
ohcomelymag
cescllanas15
Caradelevingne
AvivaDrescher
CaroleRadziwill
Bravotv
muyinteresante
SupergaUK
CoxHarrison
DesignCentreCH
namedrodrigo
LesleyvanHaren
Theory__
LoMejorDeFB
cuellar
PedrodelaRosa1
prayforchickens
ninagarcia
wmag
McQueen
Pphotogrpahy
JuanJusto
HIJACK
Margiela
daylesfordfarm
caroladearmas
Immaturbau
CalvinKlein
WholeFoodsUK
Poly_Natasha
LaVanguardia
lourdesmaldonad
GraziaUK
MagnumPhotos
Claudia_Albons
CTurlington
elmundoes
tiesandfries
LeicaAmbassador
newdarlings
josemmas
LaauMQ
lovetaza
Waltonfinearts
EnricoCost
londonorganicpr
simonshobrook
AngelAlessandra
KellyRutherford
saks
VeraWangGang
_juliannemoore
MarkRuffalo
Diane_Keaton
UrbanOutfitters
e_entertainment
CHANEL
3gerardpique
sabiastuque_
LeyesAbsurdas
GQSpain
SomersetHouse
ChristaBMiller
DavidSchwimmer
LisaKudrow
MatthewPerry
TheEllenShow
hellogiggles
katewalsh
CourteneyCox
RiverCourtSML
IGersLondon
stevei
AdayDotOrg
el_pais
CurvyGirlsProbs
HollandPark_LDN
RealOneTreeHill
natashaaa323
kellyoxford
LGMettler
CarloDomani
wwd
alo_oficial
StephenColletti
vanderjames
MooiLondon
saatchi_gallery
kurioso
V_and_A
ELLEUK
TASCHEN
VanityFair
ZooeyDeschanel
GUBLERNATION
Terry_World
marc_algr
1sillaxamibolso
MulberryEngland
Jordi_BCN21
erioszor
thakoon
Carmen_Lomana
AlvaroGarateAGV
rupertmurdoch
irenebwss
hmandinteriors
yone182
RocketMagazine
albertsalarich
ThisIsLafferty
joshrubin
coolhunting
proudgalleries
catssacblog
MertxeCanal
viktorvauthier
pabloporcar
SGCNY
MrJoshHopkins
RebeccaMinkoff
TylerHilton
fotoblografos
picazomario
LewisHamilton
peteyorn
LaContraLV
timepictures
TIME
vignettemag
RafaelNadal
TheAwkwardTweet
LouboutinWorld
elmundotoday
LuckyMagazine
RestoinRJulia
andreaguasch
EcoNovember
heidiklum
thehiptee
ActorHeadshot
SteffiKSt
TimeOutLondon
LDN
GwynethPaltrow
Andrea_Oriol
susannagriso
GalaGonzalez
Tololliteras
goop
weheartit
PATINICOLAS
bryangreenberg
magnoliabakery
enews
ChadMMurray
toryburch
_anapastor_
Twenty8Twelve
bmaslop
Llenas09
jillmanipulator
kramergirl
USATODAY
JaviGarate
Libey
DaniMateoAgain
BusyPhilipps
robertbuckley
Reuters
RoomMateHotels
HuffPost
miguelamunoz
alvaro_palomo
hamishbowles
PatrickMcMullan
NYMag
NewYorker
habituallychic
Goyojimenez
mariopulini
fabiolaberacasa
THELOVEMAGAZINE
Bergdorfs
BarneysNY
NETAPORTER
LoveClothing
anneslowey
CathyHoryn
DanielaBlume
justincoit
BCBGeneration
pmaslop
TiffanyAndCo
_danielmartin_
CHerreratoo
eusilva
NewYorkCityPlus
yo_dona
americanapparel
thebranderybcn
080_bcn_fashion
mmmargherita
eduardgrino
PdelaPublicidad
ristomejide
VicenteVallesTV
sanchez_sonia
jordiGlez
NatGeo
MafaldaQuotes
urisabat
BCBGMAXAZRIA
prabalgurung
harpersbazaarus
KatherinePower
binauralblog
vanidad
mrjoezee
VogueRunway
MichaelKors
erin_lucas
SamanthaSwetra
ParisHilton
usweekly
erinkaplan
CJNutrition
ErinFetherston
ElieSaabWorld
voguemagazine
NickyHilton
Topshop
ELLEmagazine
UterqueOfficial
hm
whitneyEVEport
alexanderwang
mruizalba
Borisizaguirre
WhoWhatWear
DVF
CFDA
OfficialALT
TheLSD
MarchesaFashion
proenzaschouler
vmagazine
Cosmopolitan_es
elle_es
DavidLinares
BethanyJoyLenz
laiaferrer
ScuderiaFerrari
alobatof1
EsquireEs
EmmaWatson
CarmeChaparro
_ANAMILAN_
gerardsensat
martajarpa
Gap
leandrocrespi
Zac_Posen
LaurenConrad
OliviaPalermo
VanityFairSpain
hernamesmarinaa
harpersbazaarES
VogueSpain
victoriabeckham
hereslaura
HarveyNichols
SquireMusic
elisabet_cm
Palen07
marcjacobs
BritishVogue
yoox
StellaMcCartney
InStyle
jessicaalba
justdemi
IvankaTrump
camanpour
davidguetta
DaphneZuniga
angelmartin_nc
AustinNichols
davidbroc
BarackObama
SophiaBush
aplusk
EvaLongoria
arucitys
itsmeescassi
jordievole
itsmeleighton
PerezHilton
alexa_chung
DerekBlasberg
Berto_Romero
Buenafuente
