edt_titanium
Proyecto_Data_P
InfinitoAlex
Marafarinha
nocuenhistorias
BrujadelTeatro
gatarassel
distopolis
DolmenEditorial
NahiDiosdado
fantascifi
depi1214
cfariasvega
Dalayn
CrisMAbadia
SupervisoraEnfu
Archange_m
thecatvids
CutestOtters
Seix_Barral
Manu_NTIG
Enerio_Dima
CdeCiencia
orbitalaika_tve
ProyectoPoema
Javier_MirO
sanchezvegara
Albaeditorial
Ivanledesma
wilw
7Sinecdoque
SCSLaboral
info_comarcal
TocdeCorn
CulturaCornella
ViuCornella
QFerACornella
TonyJimJr
Oskar_KimikArte
CCCientifica
AutorasComic
davidluna108
Felicidad_Mtnez
PabBueno
CaryannaReuven
d4m4n4r
Heroes_ComicCon
NormaEditorial
FICOMIC_manga
FICOMIC_salon
LiberLibelula
barr1402
Mario_Garrcia
EntenzaComics
im_biurrun
librosflash
Serthand
agentsruralscat
JohnCanamero
frauwaz
AmordemadreEd
8tvcat
neiltyson
donisraelalonso
AEFCFT
Alethe_ed
DesatranqueJaen
SigridValkyrie
firecrackerx
nmories
MonicaCarrillo
NoaVelascosas
apberra
LeeRunas
C_Regueiro
mhisern
edcafeleche
tradelosreyes
nosigaleyendo
HamillHimself
HamillHimself
astro_duque
cazadorderata
Lykzakarion
TeresaPME
NovaCiFi
AdoptaUnaAutora
Fantifica
LaNaveInvisible
apachelibros
Jose_A_Cotrina
ProgatCatalunya
ReReadDiputacio
Traficantes_Ed
atrozcon
elia_barcelo
dragon_mecanico
lektu
EstoEsComic
Malapata_
AliciaPerezGil
Habitacionchina
celspinol
alexsantalo
MPMoles_
andreapriep
dnazproject
MmarGlezGomez
LJSalart
consupinky
ErkMrtnz
Abuchiii
VidaModernaOML
icscatcentral
interiorcat
Sagacomic
MASolerNeira
UHP1936
dgonzalezvil
bpberta
LauraGWMesser
SarahCAndersen
GRRMspeaking
megustaleer
BrandSanderson
festivalcelsius
Cafedetinta
NievesD36
Aduchisst
edcerbero
OrigenCuantico
paginasalvuelo
Juanma_Santiago
wigowicz
hombrerevenido
SoyFilo_
IrenePueblas
xavimc5
MDiazFuentes
Coryocris
isabesoli
elblogsalmon
GLS_Spain
GLS_clientes
fueradeseries
StephenKing
chuckpalahniuk
Proscojoncio
jonathanmartinz
bcn_ajuntament
Mama_Psicologa
simposioblog
ManuelBartual
EmergenciesSEM
BCN_Bombers
guardiacivil
Laiaortiz
javdagnesses
jmmulet
Var_Emreis
Javimartin22
SirGuerra
ArantxaCoca
cankenjibcn
EvaMNG
pcivilcornella
bufetalmeida
BegoOdriozola
AriadnaTrueba
DoriToribio
chococriskis
FacesPics
DDoodlerStuff
AndresVitarelli
BrujoGeralt
mlladoporta
NaioBadia
saratamara6
rosario501
OlgaPorqueras
nuris9
mmallenmakeup
maalilaa
MargaPontr
Mjesuslopezl
lunadeabrilazul
march_lidia
jmgc72
jgsicard
institutinfanci
Isabel1Marquez
inesdespature
gmateocuenca
EvaBonetAndreu
estetica_paris
DungeonMarvels
DianaBaggieri
cuadermenstrual
cmesahernandez
Beasanjo
Beasanjo
beatrizpantin
AulaCast
AFCornella
AnaGuinaldo
AlcazarMoreno
eaandujar
DoctorRibas
Cabsa_es
CiriTW
InfoEmerg
ESNetflixES
NetflixES
magradacornella
OITNB
HBO
netflix
HouseofCards
apropcornella
LAMETEODELBAIX
DiploMog
MarvelSpain
AgentedeMARVEL
GarBlasco
luisma_lopez
gallonetflix
LaTagliatella
JordiPuente
CorEntreveus
SCSalutDigital
haempezadoelmdt
ierrejon
agarzon
AntonioAsensi15
PsicologoTarado
ocupaciocat
aula_activa
UbicuaSEMES
MNadalVela
PsicEnfurecida
PsicEnfurecida
Buscar_Trabajo
AlertasEmpleo
Trobarefeina
Catalunyawork
UTCCB
hospitalclinic
COM_eHealth
COIBarcelona
infermeria
ticsalut
COMBarcelona
vallhebron
icscat
MaerBombers
salutcat
semgencat
fcescb
acbarbanoj
rayasaavedra
bmgironi6
EvaParra8
economieslocals
AntonioAsensii
Sherlock221B
OrestesCA
eldiarioes
anunciologia
arantxarufian
el_Jose_Padilla
EducAutor
gerardotc
isaynewsEU
cabadiacastello
Tokaidin
PilarGu09898460
reddit
MeteoMauri
modepran
SageSpain
xavirodriguezm
ElScriptcuenta
Merchi130976
TheOnion
comandotibidabo
_laiacasas
AE_Requena
Snowden
Elos_357
SilviaS65701939
Memesis_
Consulta_21
GringuelGames
DaniMateoAgain
angelmartin_nc
PrSFalken
BelenSerranoMu1
premsahistoria
makroESP
javier_ricou
gestsanitariasi
PeriodiFAILS
mermelaura
orgulloysatisfa
arucitys
Pablo_Iglesias_
AdaColau
Sr_Dios
pccomponentes
ManuelaCarmena
AAlhicia
MediaMarkt_es
chobits87
MeneaGate
sphericow
AboyMarta
PnlGenerativa
tvshowtime
LolaFranco19
paulaflorit
davidbroc
oscarbroc
joanSpin
mariusserra
Twisterchoc1
asjalacisnovela
tonidelatorre
Arucitys_8Tv
Montse_Vidal
Aracelisegarra
Laura__Fa
mariamoyamartin
Monica_Usart
MatejcekG
pablibcn
Strambotic
escaperoomlover
amazon
SomGentdeProfit
Fesavama
RobertDowneyJr
DCComics
Marvel
TheRealStanLee
neilhimself
terryandrob
bdeghilage
Mhemeroteca
TEDxBarcelona
kickstarter
elanlee
Oatmeal
gameofkittens
rezaaslan
NormaComicsBCN
alcampo
purina_es
SocImages
ClaronuNuez
BarackObama
BCN_Mobilitat
meteocornella
Dropbox
cornella20
Gran_Atuin
EPcornella
centredempreses
IgualdadAnimal
PartidoPACMA
leroymerlin_es
AEMET_Esp
tumeteo
Blizzard_Ent
Warcraft
BlizzardCSEU_ES
isabelia11
Casfetera
edwardjolmos
idriselba
arcpsicolegs
carmetuset
CiviClub
pacofox
DolorsFranco
IntressOrg
icarrascorivero
tappingcpa
MyrthaGajardo
SilviaPock
M_J_C_M
JosepMMolina
CRPHospitalet
JoulSauron
AlbanoDante76
tomhanks
charliesheen
pepephone
EscolaPejoan
lince159
FueyoSantamaria
norcoreano
ChemaHerzog
ristomejide
sorluciacaram
laumarrod
mamajennybcn
LaContraLV
TrailersyEstren
TMBinfo
CiscoBellamy
khrystyanmaga
josluicam
vitinasecas
RaulSCC
iceburner19
sandra_truski
haikubarcelona
RealHughJackman
kevinbacon
dinami69
SoyCatLover
esdongato
gatosdomesticos
Whiskas_ES
valorafegitTV3
Gatosfelices
gos_cat
quequicom33
sanamentenet
NeedADebitCard
voluntariado
ayudaenaccion
amnistiaespana
Acontraelhambre
CanalSolidario
WorldVisionONG
Fundperetarres
_CARITAS
pvoluntariado
Hazloposible
FVBernadet
SexismoES
PaulEkman
PremiumMeat
raquel23abril
nfarell
neusplens
uceda25
rickygervais
btveltemps
Charlotte__some
BCNTurisme
PaisajeGeo
LuzSanchis
elsmatins
xarxanetorg
foroatletismo
barcelona_cat
RoyalCanin_Es
fundsalcom
abd_ong
todouned
Irecetasdcocina
esteticaCBello
Schhmetterling
FiraCervesaSF
angelfmarin
VaroCabrera
Elgatoencasa
Carbonellsg
cuartopoder
IvanMC1978
Martizor
KviarCity
mgcuol
jsanz
EvolucionaOnL
pablotovar
Fixonia
CeroTrafico_Mad
gervasanchez
JoanGarrigaB
psicoemocionat
erikastrop
InstitutoCNV
malcubierre
QMS_info
meteobarcelones
barcelona_010
xarxanoticies
tve_catalunya
MeteoSF
TomasMolinaB
Alejandra_moda
eltransit
meteoesplugues
FGC
termcat
AEMET_Cat
CIBCN2013
mopellicerma
ataca2
UOCuniversidad
UICbarcelona
UniversiaES
UNED
rne
Catinformacio
AbacusCoop
miguela0
MikeBenettt
anacaballerodel
MireiaRossell1
kotiro_marama
miriadax
UtahNutria
MamaConvergente
Receptes
KingKinito
Super_Coaching
cuantafauna
raisingirI
TRAM_Barcelona
cornellacampa
seguimentvaga
Lullage
LosGandules
moedetriana
sopetero
Mariloliiiiii
LUJAN_AR
ana_dinamita82
El_Pande
Vani_Marin
ClaraNez
VirtualRet
enriquedemora
Mikahdewaart
cuerdasfuera
Loulogio_Pi
Loulogio_Pi
porporaporpita
WhatsApp
BirchboxES
arroin80
Enfermeriajw
davidgonp
isasaweis
Aitortxv
DesEquiLIBROS
MarsCuriosity
Egocrata
hora25
MontsePujada
CruzRojaInforma
unicef_es
hacesfalta
garridocoronado
webosfritos
CoachElisabet
bast_fata
Acevedismos
mariajosetena
ElHuffPost
9GAG
maxpradera
pacoslegran
karguinano
MigueloUceda
spyola_
RedesTV
constanromero
rezetas
MoviesPls
nolotiro
1catala_1arbre
012
incendisforest
CreuRojaCAT
Agents_Rurals
112
EnfrmraSaturada
WWFespana
castromil
ENFERMANIA_SL
Cervecear
MonjePaul
robespain
JotDownSpain
EvolucionaOn
epubgratis
AleixSalo
Wriso
formacional
empsiconcept
mentesricas1
CiprianoToledo
wikileaks
FundacionPunset
CNNSPAIN
lainfo_ciencia
seta_roja
oriolpuigg
EGigamesh
_LaTaberna
AprenRepostera
Gatila_
sushiemon_es
5SentidosMadrid
gamusino
aeirya
Likiniano1
patgato
maellyssa
mikeliturriaga
324_comarques
barcelona_GUB
RevistaTuit
wizel10
cansadito_me_te
divulgame_net
GigameshTienda
Gionattan
Fraymaltes
SoyAuri
DouladelCor
salvadostv
gastronomicum
rezetasdecarmen
BlocCuinetes
cuinacat
CocinaDePandora
lacocinadechico
ConservesFerrer
cangrejogrande
JaviRecetas
VitoVq
cocinaquenyin
juanmemol
rodalies
bomberscat
transit
treballcat
govern
mossos
Lalibretilla
TwitterLatAm
instagram
googlemaps
roseramills
Pinterest
Tonicanto1
KvotheReshi
vampyevil
noticiasenmorse
fragedis
WSJhealth
btvnoticies
crow_ley
marikazetari
labpsico
mundowdg
CartDestr
fiestaqueso
30minuts
teleoperador
masaenfurecida
MrInsustancial
Colmenero
abc_es
Deyector
RobertoLieiro
eulaliaguedea
xaviponsgar
ElTriangle
revistamongolia
Zurdo
libroscom
29MSinMiedo
RAEinforma
TMB_Barcelona
DocuCiencia
hematocritico
neuropsy2
tepasmas
QuoRevista
TweetTrendings
publico_es
diariARA
ofertaestrella
melomoreno
annabcn666
Hattorisdojo
esther10s
pololeitor
yovoyalcine
NiaVigatana
Ictus_Cerebral
APM
ccarnicero
aberron
apalabrados
noticiaslasexta
wa_status
laSexta3
TaboadaLucia
Luciasolc
comoestaelmund0
PhenomenaExp
Octarion
traveltaxibcn
tinaletina
elmaldelcerebro
Contamimame
quiasmes
8aldia
Hipertextual
applesfera
solocienciacom
jincateunapapa
_RogerSmith_
meteocat
Renfe
El_Intermedio
emergenciescat
SenoritaPuri
adrianmugnoz
portalparados
neurociencias
Santihumor
debatedela1_tve
sextaNoticias
GDFH_THOUGHTS
dbravo
redMEMETRO
psicologosnet
consumcat
stephenfry
JesseGrayWriter
ofertitas
interiorgob
DANIROVIRA
anitache3
informesemanal
RigdenEditorial
ramonlobo
Cadadiauntema
juanmelenchon
EFEnoticias
BBCBreaking
evisv
viajeroninja
adn_es
informativost5
20m
recuerdopandora
josefajram
fanetin
hugamencillo
al_segundo
JoseMotatv
Dalek_fan
pacoleonbarrios
EspeonzaAguirre
sarajuradoBCN
alterarancha
La_SER
FT
AJEnglish
carlosecue
washingtonpost
OndaCero_es
LaVanguardia
FinancialTimes
Sergimas
MonegalFerran
antonibassas
policia
Borisizaguirre
susannagriso
CarmendMairena
SuperFalete
anablanco_tve
DGastronomia
recetasarabes
lasrecetas
Fundeu
davidbroncano
TwitterAyuda
facua
annabosch
javiersolana
picazomario
steam_games
ElCosmosdeYoma
equipviari
cristobalsuarez
LaEtxebarria
Taikochu
Berto_Romero
AmnistiaOnline
cookpadrecetas
cocina_es
RecetasdeCocina
Iberia
HotelesCom
muchoviaje
GizmodoES
noticias_cuatro
el_pais
ElTerrat
AbadiaDigital
nytimes
Elzo_
alexandrateatre
directopaladar
gallinablanca
abarceloh25
cabovolo
FranJ91
ExpPlaneta
nuriarocagranel
Carlos_Latre
jordievole
Yoriento
fotogramas_es
_ANAMILAN_
PiedrahitaLuis
HelenaMatute
CutestPaw
visludica
barcelonactiva
PsiBox
PsicoEmocional
BioPsicoNet
psiquiatriacom
Neurociencia
Psicometricas
dc_menni
MariaCeytec
NeurologyReview
NeurologiaNews
JAMANeuro
eqpsi
iConfia
ELSneuroscience
Infocop_Revista
Neuropsicologos
info_psico
neuroimagen
innnmvs
RevNeurol
Vampicrew
Santi_Millan
JavierCapitan
WaZ_0
La1_tve
julia_otero
malaprensa
silviamucar
slimficky
paulocoelho
europapress
lacompetencia
QuimMonzo
escepticos
Belenalba31
Gomaespuma
YouTube
estmeay
sandra_cerrillo
AulaEscritores
Vauldon
la2_tve
a_lo_gonzo
PabloHerreros
soler_toni
Joxemota
JESDOM69
isarnbe
frodriguezsojo
TvisoNews
macaba_72
ferdiazgil
cafecnn
elbicharraco
Cocinillas_es
Comunicauta
flofdezz
Shafo_
mparramon
luccaformacion
JudeGazza
JP_Enfuresido
anobii
hemeroteca_lv
Que_leer
casadellibro
cnnbrk
LibrodeNotas
ojodesnudo
Catala_Correcte
CSIC
BreakingNews
MrAmromero
flucas550
PROMENTRADA
GrupoFemxa
GoogleMobile
LibrosBA
QueLeer
perezreverte
entrelectores
Lecturalia
CNNEE
greenpeace_esp
oxfam_es
eACNUR
amnistia
MSF_Espana
kajoona
paugimenezdos
skax100pre
SusannaBC_
SoniaMoyaMoral
sertx54
Quititina
icampos123
rothemule
Ciudadano_Zer0
patadaaseguir
En_Xavi
Soviet_Russia
Acampadabcn
cansado2
CarmelaRios
josepjfranco
monicaoltra
Johnny_Br4v0
playz
la_informacion
ivalladt
eva_hache
_Queque_
forges
JuanraLucas
ffuentes_
eljueves
muyinteresante
GameOfThrones
DacArgui
almuariza
Hipstericco
KarMela74
Espector
HxcMind
Telaranadigital
marcosblanco
macmagic2
MCHAMERI
ana_morgade
Privalia_es
iescolar
SergiodeOtto
Facso
RichardDawkins
freakscity
sararodrob
mort
Bea_Tou
zampaunicornios
dandomilvueltas
cmordiaz
reuterspictures
Reuters
juanserranotv
lapizarradeyuri
gafasdenover
ArmandoNiza
dsmatilla
WrapNYC
_anapastor_
enpokon
ejecutor1789
edgard72
radialonline
SierraJavier
marklima
Martixx
SaveChildrenEs
pmednews
SSantiagosegura
alexdelaIglesia
victorgil
BancoSabadell
miabuelasabia
Blogbo__
mktfan
llfoix
yasmine_surovec
radurdin
revenergetica
Ninyadelastorms
EmilioRey
jcmarlow
javier_init
JuanGomezJurado
324cat
mrtfernandez
AngelesBlancoTV
rtve
24h_tve
sanchez_sonia
un_dato
VicenteVallesTV
CarmeChaparro
Perestupinya
dtv2000
grandestrabajos
nachomartin1985
Barbijaputa
yanntiersen
FCimadevilla
alfonsorogero
ticbeat
Nubegante
Tuitercool
unexon
Brainstorming_r
elintron
porkulia
MrJulioLopez
microsiervos
luisgavriel
noaheverett
TwitPic
educo_sexual
lamujertirita
intoku8
iC_A_D
vexerina
HootsuiteMobile
hootsuite
Eurekablog
potatoffel
undivaga
solserpiente
Milhaud
faeminoycansado
fraybueno
aru_mccartney
pherreraariza
Shora
leydhen
outime
puntohacheEFE
TuristaEnTuPelo
KNSKumo
Bea_Medran
Catacroc
tania_bk
eleazan
pelirubia_
elmundotoday
AnaGazza
Anira_kas
JRMora
ese_nubio
eboke
DanGimeno
aena
velerodelanoche
Tonyaxuan
jorgerios
Quenyin
r0uzic
_EduSan_
casqueame_com
Umisupercute
CarlaCamposBlog
Tora_Cris
Nessun_
estrelladequeso
Madomadita
daniel_gonzalez
jlcebrian
Zipitostio
infusini
andresrguez
ProfHitlerballs
alimackita
Maernus
Cho_ose
Buenafuente
benjami
Naukas_com
oriol18
meneame_net
totemax
Yonseca
BruguersSanou
cugatx
flekyboy
por_antonomasia
Ben__Harlan
errepece
habladorcito
Cs4r
miguelpedregosa
Genko
aixiailian
ArianeIndenES
chichinski
jonsistiaga
EU_OSHA
pedriyu
nuvols
sonorame
enver555
Marito
adginavaggo
Antes_Q_Meneame
RubenMena81
atizame
karstiel
HateSys
sebas_agrogeek
epunset
sao0
gencat
juanfont
javomartinok
tognazzi
yerblues
mateoaustin
fogonazos
Irreductible
edans
selvatgi
carlos_gonzalez
dadelmo
anibaldecastro
anccelotis
Qwar_5
_Lucerillo
blackheart_1980
gallir
Samoth_Erbauer
JesusEncinar
enjutomojamuto
phierrecom
adrinavarro
ferbirkin
ellohir
Magecc
MonikaMDQ
mezvan
Qnight
wochi
Rondamon
Libey
DavidAlayon
miguelitrol
HeavyBoy
plinster
lostplusfound_
mimesacojea
angelitoMagno
jotape
Harianna_
tumbadito
s0phisma
kurioso
jonarano
natrixm
Aurora_mtbcn
CIB3R
dragener
tinychat
SirKeldon
MaritxuOlazabal
DZPM
buKanera
chen_s0y
ctorresgc
CatoMad
Phoenix_Alx
Nemrac
Patchgirl
ucedaman
Yolanda2punto0
