gyobratssh
itswarenbuffett
wall83354119
zwingzet
Farmhuggarden
fonfondly
englishwithtong
englishisamust
dlitemag
sakdaphisit
TwitterVideo
PameeReview
animalaround
Lalita_MD
miakekub
oui4832
Hilarious_Idiot
SayCoolEnglish
minimalismar
Retouchpls
Tom_Isara
Helpcat_RT
Herepaolicious
boykadies
Thedeepsnap
IbzPs
glft_
highestsniper
PostToday
reGirlsTalk
ClubFridays
ANNYSTORY_CLUB
ItsTravelVibes
RungtipMon
happywayfarers
itssixwordstory
rauhlshinoda
AjarnAdam
horrorcult_
kkrumkrum
tptourpab
ChaKaiPed
pruetthigon
erotits
jnenut
be_inspiration_
Guru_Chonburi
PoP_ratanakorn
pussy_eater699
pich_gboy
SayItAgainTH
somrak_ppk
Rit_Together
BeautyDiary1989
Oun_Inter
Thai_SuperHero
mnhjk345
BBAcharitycon
TwicehoT
MuayyliAF11
chickkenrice
NaiKrajOk
KomsakAddams
Koike_Tempei
TheFactsBook
VineCreators
Bostonssob
Natthawatz
mnntmnnnt
Statusbrew
ONakaRinO
oncepage
ImFashionTH
_muuus_
Fantasier
MrVop
okletitbe
Mad_Comixxx
surachaiiiii
chulacuteboy
_hopehopes
aromaticoil
NudesOnTheGif
xxAss_6744
sompot3
_chick_cu_
SarapatpiD
Thida7a
124567980chart
Woranin
ggame_____
zeza136
Sorryimlate91
che_nirakan
amityphoebe
Eng_afternoonz
HS7STF_KCL
Devious_Vi88
MTUAV
Santipong1986
TipPerfect
_ttigger
MudyarsS
volleyppk
00jiwjiw00
kman7444
rukieman
mrbermza
kihonglee
varecool
moomanoww
phanchanika
pagnaboat
FcoolCool
kunchayjob
WeLoveSF
DiyMakeupx
A_Kawin
2683Non
Furfear
TaTonkk
MAYMAY_CHIC
PromDressx
maiarpawan
lataedekd
Mstylex
y_dreammaker
BlackMercy
poketget
dayneung
backhook
priwpriww
Bangkok2557
darkmaremoon
insanetweets
I_am_on_diet
Seaylerr
Rapbiter
_versteckt
TheReaderThai
beargirlfriend
joize_nna
Suckfucx
earthreacorg
Cus_Focus
suppakit_
GoBromo
Golfy39
aroii
khajochi
Kira23406
workout_gallery
sayong2buntud
nutyalamoon
scb_thailand
EmrgencyKittens
giftfarac
PSSAPIE
thisismangped
pantip_kratoo
PitchaLaLa
astrohamburg
Mirror_org
EakMirror
thapanee3miti
InteractiveHong
mip_ss
delta_gold
ya_pichaya
Phapfun
INKSSAD
Cupidcandy
EINAESEHUN
TeerananK
Hui_Nation
pawinpawin
Dhamafreelancer
narawit1747
Warlord_Link
i_auan
FlTNESS
iauanmkt
suebsak1
bongtao
GirlsTalkThai
dinsorekod
NuT_Terk
Khunnaplus
jirabell
MalakMesrer
cosy_letitbe
thaitvnews
can_nw
keang59
Reachestman
buddhadasa_
Daisy_ann
MeawNaMuan
MorphineDildo
Madammaam
kumsaptham
ThaiArmedForce
fake_or_dead
SekSamyan
GreatGDA
lKeepltReal
FemaleTxt
lLostForWords
JaiGuu
Greanpeach
TheLifeDiaries
adisak007
BabyFaan
Cmos9aOu
bLOLLY
samanahavemail
VoiceofTU
LostWords_
AlexAlaxThee
vocabaday
rainwindy
ASTVcrime
POMPCRN
Fit_D
Teddy_B08
IIIBAOBEIIIPUPA
myddista
ker_killer
utaiko11
PoMPichy
dentbear
Dreamsmatic
anuchai1911
PongsakornT
weeranan
PongJung_SJ
PramahaWasan
supaket
ThaiShortNews
NuuKoong
kunlasead
Kornky
DJ_NUI
Red_Pussy
DrinkDanceDrunk
chocoopal
w_gals
kunchayTome
chalidaporn
PiggyDolly
tonNlam2li
OilFa
79Jirayu
dear_blackkung
tamjairao
MushroomQuote
piyapongpom
botographer_
DailynewsTwit
Papae_Ang
limitedbonus
Madeawkai
TopGenesis
pompomcoffee
TopEarthPix
kamomkamom
BrokenWing11
KBank_Live
Jetaimemint
daladp
ipedd_
JEDIYUTH
tar_kotloh
Panorama_MAN
nuling
THANAKAMAI
vetprincess
Cake_journey
jindakuam
RocknRollHippi1
MrBancha
Pariwat
News_Rama2
phichai
akekarin22
Sanook
ayariip_
AoffyBerry
sometonz
translateit22
Nahyakah878
kengioho
SaiJaii
bo_jeeranun
aston_ed
feelinglomo
beaver_ch5
poohtnn24
pintiplee
macroart
wasupong
Bigsmile_smile
raoeang
Ohooat
isorahata_bot
pennelopexxx
SweetygreenTH
__coHd__
KK_Nation
imnothippie
HippiesModel
Por_Kero
Aim_TH
Chaykoung
ittipatNationTV
khunyim
DjPeeAoy
_eeverygirl
studio_oi
2choey
nuttawatva
simplybenz
tan_FX
BuddhaQuotes_
Banana_Waffle
bkk001
Romanticc_
I_daydreaming
Hayaguba
Sakabhur
BPual
Assanai_P
Physics_Lek
Per_Wasurat
TeyTano
malimali
looplor
NuT_Tha
MorningNewsTV3
pchr_b
Nun_Club
hang_1122
sawetachai
jiranarong
surapop
crozzoq
benzbz
iHereBoss
Benz_Art
First_Friendly
BangkokMatching
WassanaNanuam
IamKamiyama
Jaydee2499
PlaeQuotes
Jittitsara
Thairath_Ent
dogst
Higen48
wilasineek
MaMindiez
Sralthom
Unlimitedheart
despairlord
tor_boriwat
4we
basilbalsamic
Thefishings
eka_x
UpDet
HalleeySP
iannnnn
ibeerboy
OuiBuddhaBless
somchartlee
thaipolice73
sapyen
wingsguardian
d9pol7
kaiipahhippie
wonderwine
peungda
aFactBoy
thefelnino
fongfongkk
pawarez
BKAFFEE
rainzii
auuee
Olmlanor
regenbogenaloha
subongkoch
diaryforlove
ChaOengOei
thclock
VEGAS_MU
biew_logistics
SiamArsa
Marchuto
tamdeenet
khunearthzy
jarpichit
rattisin
QuoteTheKop
Dekdornmong
DigiThun
supacchai
politics_mcot
DrJoop
IamSasdha
MazzakunG
KanomBueng
DrEkarin
Jib_Krw
jomquan
guplia
dangnoi4
WANPLOYS
IcedLatte_Aize
antz_anita
greentea_pt
T3Thee
December_sonata
iTakkung
GK3033
Bangkok_2474
Mayeiji
tumbolina
gadaizchubear
BssEkarin
miffy_RateXXX
Charoen_online
marylony
katae_g
wichitchan
9fiifoo
akekimao
YashimaExteen
zzSoFTzz
Psubliime
PANsunshine
millate
aGe0rge
bearrypotter
nuengkarb
nantakwang
Treeshrewy
MasterPopWorld
MrMaew
ohm_SR
emagpir
tanaiwirat
Bazk_Phiraphong
Martinphu
JARiYA_HPC
zinyorrinezz
Jowchooo
ifew
hoksingha
1st_Army_Area
twometre
goaofz
erk_erk
DrWoraphong
ThaiHoro
Boatloveangel
wongthanong
zeromtmu
chomarley
yanchaowdotcom
FlyingTobbY
Grace_Nattha
FuckDilll
pavielin
Punpaniang
SuperJubu
DrIttaporn
Drama41
BunditUngrangse
KILENKU
thidakarn
DiaryOnGirls
_tLe
kanawut
kapookdotcom
kungpolo
Sinfin8
McKe3z
naynujang
kom_nopparat
planpan
worawisut
ter_nawapol
UnUnLimited
Lovephobiaz
Bank_style
KongToonArmy
iTooN_O
DrJames_007
darkendefend
twinheadoui
PunSoKiT
dhammaintrend
roundfinger
cheechud
akadej
zealotzephyr
BiePathinant
TANGO8888
zam_m
JOMMJOM
mdthangbua
vudhibhong
freeclub
GusNoCream
OSinfonietta
hueyhero
DanTruat
FreeverAR
fcukyouu
toom2236
Dr_Prawut
JP_TP
Br1an_Tham
Isra_News
digitalnext
MaiLeuM
iSHEEPCHEAP
Tuck_Zazaa
aim_indy
nanmaster
Graphjaoz
Trisdee
griffinth
Pharnupong
Gust_Says
bongtai
ohbabydontcryy
Ketty_Felix
AloneporD
kumning
absoluteJB
ploydfon_
Gudeekernpai
LamerPerger
LoukgolfLG
amp_cuband
_coHd
PTTNews
MatichonOnline
IEFIEFIEF
nrxgii
l2ip
Kraroknoi
pleasesendnxde
analog_ping
middonaito
iHeeer
jarungphan
Kijjasupat
Rawangpai
AdmOd
YongDaeBerry
diwcrious
knOw_
NPJLife
POMPDOM
Tete_for_all
traffycone
petewatanabe
P4ikunG
NThawat
drnov123
poyportrait
pskhawtuu
OnezanovA
tigergamesss
note_jk
AraiKrab
Naitong9
Socratoey
BkkLifestyle
Tonk_teletubbie
tortaharn
paepoets
Tomskyyyy
JiTKnight
funnyorfact
AllforNow
Ik_kirei
THarmharm
PurJerr
waanwaan9
somjade
SangThatSong
boomza_love
DjPChod
salapao_27
jarvaa
TheWolverLing
noreyore
OakkyzaCZ
kobanyy
DDT_Duean
cheriiiiez
sourcode
legendofohgeorg
newman1190
okayleaw
i_remembergoood
VenVerGirL
wannchon
sayingsforgirls
Jae_Dai
NayMunRai
toeysk
nudragon
armypr_news
boxbox63
gto191
up2gu
Dr_coachbear
thavet69
tipssad
kidmakk
yedamon
Falliingg
gupree
4x1oO
YongArmchair
ONICHY
mor_maew
toyubomm
Ballwitter
JOBFERRE
thaimarketing
Talks2U
DrRungsima
kimanakub
HardCoreMody
newchay
iT24Hrs
iPhonemods
alppse
NewMan_TH
tweetVeew
Sukhumbhandp
Fucking_Hero
cheewitgu
Dungtrin
Rukmakk
buddha_quote
AxlHazarika
ThaiQuote
Perfunn
gammiez
sdsface
clubfriday1065
Winnie_The_Pak
BSelectShop
TaLaLand
Kosuthum
TumblrIl6afh
lalitbyrati
Kiddnoi
vow_vow
Allyfashionshop
KumkomFacebook
mktmag
mojikungsaki
Sahamongkolfilm
Arpapakirin
Aoftomatic
Gumaikoeypid
Morkorn
theMissingPete
cuttolipta
Kom_chad_luek
OilpaintzOopPaz
SanookNews
Kid_DD
zezarrock
EarthCFC390
oshiyoh
aCtDeltAS
Reman2010
NationTV22
TARsitang
samakhom
Gupidtarod
syamkik
RoundPoetry
oui_phasakorn
vajiramedhi
oweera
ktnewsonline
egmu_pr
headlesshare
Pat_trA
NightPhoomin
Kully_23
Mark_Ku
PpPaLiDa
rintintinz
welovepro
traffy
SuPeR_KatiiE
js100radio
BangkokPostNews
Thairath_News
justchaaim
Mbigpic
_KwangKwang_
SIIT
dean_rawin
CentralPlaza_TH
tamago28
aum2u
mthai
boomz
OoPLoYoO
Phetcharee
beebae_candy
Am896
pas_plus
Pissanupong
bank_egie
Chartkun
Bestzu_Zim
minkmu
Ajbomb
pruchilly
Noomild
kalamare
thunyatip
tabbiiz
WiNdSeNsE
andrewbiggs
namsai16
oak_ptt
Banktm
fattymacgeek
jakrapong
Huntodesu
nut_1230
thanr
