SahinKevser
realDonaldTrump
06nevingokcek
aryetginli
NagihanHatipol1
Austin_scapes
Kamuran13525672
kocholding
turizmtava
lindagrim1986
SizKonusun
gogozeyy
ccaanssuuaa
Handandmr_
FikretAlbayrak
CaglayanOzturk
KocEkip
fenerinmacivar
AkcakocaMagazin
suyabatmazseren
baltepecemre
egelierkan1
Fener_Gr
FBOrdusuorg
PuCCaa
besmersoy
DcDidem
gamzekzlklu
1453Fenerbahce
gazetesozcu
SorOgren
SolKulvar1
nihadagenc
Gifkolikk
ecmgzlsmn
saffetsancakli
AvarBanu
SunayAkin
ladygaga
rihanna
81Mustfa
Shazam
GloriousHotel
ozkan_atici
TK_TR
amraandelma
55fda200fa5f4e4
herkesicinCHP
metinfeyzioglu
ugurdundarsozcu
diogopicarra
Thejaneslife
kilicdarogluk
ulusalcomtr
ulusalkanal
aykut_pekmez
Hurriyet
Fenerbahce
halktvcomtr
erhanakduz
bonjuq18
oralevent
orbayaygenc
katyperry
Oymakmurat
udsenbas
Alex10
