TumblrGirl0
anniecc2
Dirigentes
adrythera
VaneGarcesR
SindyTDlaRosa
GiseM14
LaChenchaJ
AdrianaLucia
laurymuskus
hernaaando
Caaroliinee2
JessyBeli
sonienanyc
MaPaulaAlonso
jessicaexposito
AddictSmile
flores_mariana
ElenaAbenoza
saramuletb
del_sari
mati_sse
clvallverdu
Nuriagoiko
NoemiMesa
yolandaibz
bee_kay26
robertacarv
JoannaAgostino
kare3763
AnnMarcelis
oshroeva
alex_divo
JessyReGa
SAAIDY
mireiagrimal
IvannaSimmons
helenasphe
Laura_Ingles
newyorksiddy
FIL0S0FIA
LaiaVehi
CrisGonzalezRos
blog_the_dreams
ifilosofia
Mryakus
tin_buendia
jasminrovira
katarinasacht
carolinaguerram
jessicacediel
vergara_sofi
LorenaCaEs
andreiita_sfc
Devora88
anaaaruiiz
TalianaV
Blusfera
XeniaStitch
mdelgadolla
LaurenBillz
elisevigouroux
lauradieguezr
Olesya_myza
Valeria__M__
MarionZapata
aidabossa
LorenaMeritano
martaochando22
LaurittaRC
Nesslioktem
bayandogruuuu
AfraCulubret
thebluegeko
giulia_zoppi
zenni20
simopulp
PaulaSubiraa
segura_rebeca
Cris_de_Maria
annsoina
j0anpotz
VeronicaDiazAl
DannSchmidt
Caarluch
pontemascerca
peluamaritimo
laralarioos
Yuna_bluek
MMacgonagal
patrireus
paulagaila
Panchii__
MeliRuddy
sariponi13
soyvalgur
ladyteruel
ninaroncallo
egbermejo
Laiafalip
AlbaRoig
juliab121
martarosa21
evemarzan
MeritxellTorres
Saloo86
_Florecilla
crisvi60
estherdbonavida
arikrkrkkrrk
ana_magallon
pamesss
_alicianavarro
MireiaPons8
ginamiquel
PilarPerezBcn
lauralinette
judithviu
robertapuorro
kelyaramirez
sogiluro
AnaPlazaAngulo
