SpotifySpain
mossos
Deus_Inferno
Sr_Italiano
la_marato
Saiko369
simyo_es
ElvisaYM
LaVanguardiaTV
_anapastor_
j_Vitomaniac
nacho4587
3djuegos
MeriStation
InsightAfterDoo
ImgenesH
transit
loveoflesbian
IgualdadLGBT
corxofes
_Hamrath
maadbcn
ruarua7
AstrohGG
aaronroman
melonconcalamar
tebanrhcp
PabloVlogs
jordievole
Lenda_80
CromosomaX
rushsmith
sbareas
arnauramirez
Javilopbar
MusickMag
Mirimiro
EntresCat
jrborras21
marinamndarina
gwenstefani
HomerSimpsonEs
guillemilkyway
LauSanFe
Jakeshears
scissorsisters
RokoOficial
ambienteg
nayadiez
vueling
samantavillar
LaiaVehi
jordibaste
DeboConfesarQue
somnis_de_paper
BolliStuff
AbelArana
Dedo_Mareao
pacoleonbarrios
karnestoltes
Davidburtka
AngyFdz
imanolooo
monicanaranjo
mirandaenvivo
muyinteresante
wa_status
LaVanguardia
LaVanguardiaCAT
Dorian_Oficial
BonJovi
ladygaga
joselomas24
_ANAMILAN_
ActuallyNPH
lorimeyersband
eva_hache
Buenafuente
meneame_net
Berto_Romero
APM
lasegonahora
ingridvilab
MarcDorian
