LeiSecaCuritiba
_BlitzCuritiba
Soares_LucianoS
diImabr
marcelle_bcm
SS_HENRY
paciornikgalvao
PinheiroParana
huitetdemi
TIMBrasil
Ruubenz
FilhadoJustus
RAFAJORDAN
SabioBrasileiro
serginho_real22
douglaspiske
iduardo
berriel
ChespiritoRGB
diego_j
CuritibaDaDepre
ParanaClube
TrendsCuritiba
lomography
AroldoMaciel
BaresCuritiba
OndeirCuritiba
TropaNicole
LacerdaSerginho
Gralhetes_PRC
victorbordin
OsGemeos
chuckpalahniuk
OficialMrCatra
nayaragabrielle
pedreiro_online
clubedomacho
sempretorcedor
Diegofr92
GordinhoOficial
kelviiin93
Sarcasticu
saboresabor
NiniBaseema
Zodiculo
hifructosemag
jesusmanero
carvalho_joyce
Wilians100
VersosEmicida
devassacuritiba
chrisnegao
EscamboCuritiba
santillanabar
MrOldCamera
bienalcuritiba
Zupi
sergio_bello
jus_depressandi
tajbarcuritiba
LojaHMMM
irapitan
mayceolin
Rocktusb
XavecoGospel
vanifacts
mahgiublin
i_wolf
fptstandsfor
anadetona
hcbukowski
RobertaCanetti
VUBarCWB
iRecyclart
RevistaInventa
cherrypampolini
valdipp
oficialguima
passagensaereas
sigaParana
GuguHorn
mari_batata
kittleskittle
FlorianiLuu
sarahbandeiraa
dudscomunello
TEsportes
RealMORTE
RevistaEpoca
RockstarGames
Leminski
UOL_Jogos
guxinim
jornale_
Estadao
TransitoSetran
Doutor_Pepper
EsFolla
caodadepressao
PAULOBONFA
g1
andre_avelino
CyroEstevao
kikinha_s
romazinha
PRF191PR
duduwins
lu_mmacedo
cihpaciornik
tempo_curitiba
zegon
DayGraniel
bomdiaporque
Danspreto
eduardaalessio
LucasIrish
curitibanidades
minimih_
NanaReichert
thaisborini
jujuzeba
fabinhoaraujo
Pansieri
Brubuls
Thomas_Muller
Matheus_Pereira
zecella
sfairlucas
realwbonner
joseserra_
CaioSiqueira_
gralhaazulpr
kibeloco
willianbianeck
lstaviski
Marcelodedois
ClaroBrasil
michele_ah
jbanguela
DeniseBandeira
giggiooo
agiulizada
Jubiii
tribuna_futebol
acessozero
debyslinda
ludy_waa
Ni_nc
marinaortigara
Proximogames
PVC
Nadjapm
JucaKfouri
heloisamc
mich_cs
emicida
Projota
rodrigovesgo
oceara
o_colecionador
sensacionalista
FernandaPassoni
CBNCuritiba
SouParana
mahgasolina
brunahadad
lumarangel
steffi_martina
camiiilinha
OCriador
franksupertramp
analuizadc
siminicutica
DaniloGentili
CuritibaCultura
MarceloTas
rafinhabastos
izanon
flaviacagnin
microcontoscos
Djameni
lopesmarilia
HCiffoni
Helenacgap
flaviozanrosso
vrpresente
felipewaltrick
carolwernick
rafaelceara
naticeolin
brutrodrigues
ena_v
