VirginMobileAus
ITBusinessEdge
Tudo_Celular
Mobile_Mag
AccentureCloud
WhatMobile
MobileNewsMag
juniperresearch
SlideShare
baguete
rcruz
sem_excesso
SamsungPay
Locometric
2lemetry
WixCommunity
sprintM2M
wirelesslogic
Telefinnovation
prakashadvani
ifanSamsungMday
RonaldCampos
iottechexpo
Wix
virginmedia
Truphone
TPOuk
tescomobile
NowMobileUK
Natterbox
lebara
ID_Mobile_UK
giffgaff
FreedomPop
DelightMobileUK
phonecoop
age_uk
IBMBluemix
NetCommWireless
Microtronics
CogniK_
brainwave_fr
DimensionData
iQsim
EMnify
FIMEnews
telefonicab2b
CRT_meeting
SmartCardNews
COMPRION
thalestimoteo
ElianeGonin
juanverenzuela
FabinhoRufino
mwc_partyguide
Dingless
SmartCommentInc
TheSupX
DigitalTrends
XivelyIOT
simoncrosby
humanrights_sdg
berginsight
M2MConnectivity
M2MTelematics
bromium
StrataCloudInc
GEOTAB
ORBCOMM_Inc
AccentureTech
CalAmp
BaseN_Corp
AVSystemCom
Asavie
AguilaTech
Crowdfire
CES
airfrancebr
TripIt
iotwatch
iotconsortium
KaSolution
iotlondon
IoTBlogs
iotguide
EAI_IoT
MeetIoT
IoB_News
g1
Telefonica
JornalOGlobo
RevistaEpoca
EstadaoEconomia
GemaltoIoT
valor_economico
cellularnews
novotechM2M
ATT
Qualcomm
rcrwirelessnews
WIRED
verizon
ABI_Shey
WirelessWeek
TMobileHelp
sprintcare
TMobile
sprintnews
FierceWireless
HuaweiEnt
sprint
O2
CTIA
Telecompaper
FuturecomEvento
ThreeUK
ABIresearch
Huawei
CompassIntel
eseyeM2M
USTGlobal
digidotcom
telecoms
libelium
ATTBusiness
ezest
DT_IoT
Cisco_Jasper
SAPIndustries
BoschSI
Numerex
WylessGroup
nokianetworks
telit_ws_corp
EurotechFan
notion
wef
MetraTech
CiscoIoT
wtvox
MITSloan
CloudExpo
DigiCatapult
VZEnterprise
m2mevolution
littleBits
sc_seedhack
Freescale
CiscoDigital
NetworkWorld
techUK
DataInnovation
CEA
InformationAge
TheIoT
govtechnews
postscapes
SAP
CAinc
ThingWorx
TheBeeconApp
IBMInterConnect
MicrochipMakes
temboo
siliconlabs
Estimote
PTC
arduino
MicrochipTech
spark_io
TechThings_IOT
WindRiver
Inteliot
SamsungUS
sigfox
Computerworld
intlCES
Cisco
intel
BitcoinGarden
DNotesCoin
telit
KORE_Wireless
iotevents_1
iotworldforum
gigaom
M2MNOW_NL
m2mnow
M2MNowevents
ZDNet
AerisM2M
SierraWireless
Gemalto
EricssonNA
Spireon
ThingsExpo
Com4Innov
M2MSolution_FR
orange
digaoi
vivoblog
ClaroBrasil
TIMBrasil
SimCardGlobal
TIME
ClintonGlobal
BBCWorld
nytimes
TheEconomist
aList_Index
m2mconferences
M2M_Finance
BF_Italy
iotbusinessnews
MattyHatton
M2M_Alliance
IoTEvolution
VodafoneIoT
iotcongress_1
IoTNow_
IEEEorg
business20tv
TelefonicaIoT
m2m
ViewUK
Londonist
TimeOutLondon
MovistarCentre
GSMA
MWCapital
renatonalini
Navegador
Versace
Prada
dolcegabbana
LouisVuitton
CHANEL
Dior
MaisonValentino
Burberry
saks
YSL
VeraWangGang
BarneysNY
marcjacobs
CathyHoryn
Bergdorfs
bluecarreon
RambusPayments
leandrocleao
FernandoCapez
AgenciadaNo
ApexBrasil
SRIGovFederal
anatel_oficial
planejamentobr
planalto
TelefonicaComAr
TefOnIssues
vivobr
NedTaleb
profCrisSobral
prof_phpeixoto
clebermasson
EmersonMalheiro
GianpaoloSmanio
ProfessorSimao
pedrolenza
prof_clever
ProfEduardoMP
profpedrofranco
MarceloCometti
ph_prof
revtribunais
betorosio
CarinaSatin
prof_erival
ggoldzveig
cnnbrk
BillGates
annenberg
aer_web
gsmpstn
GadelhaZelia
AFBellagamba
lucen63
pauloarturg
financeiro2010
SOLANGEPHELIPE
adv_veritae
Milena_Roggero
DenisPigozzi
profgjunqueira
AdvocaciaGeral
TRTNoticia
TST_Oficial
CNJ_oficial
SaberDireito
professorLFG
fabiomenna
AnisKfouri
IT_Web
abta2011
MichaelKors
mehirhamdan
mandic
calabria1639
sinder_scm_br
STF_brasil
ottonix
adrianocom4
HelenFer
blogdojefferson
joseserra_
dilmarousseff13
TemerPMDB
ReyBiannchi
Twitterrific
Pablo_Paciente
kuotsunte
Cesardearaujo
kikatf
PAULOYASSER
rafatael
diogorojas
MilenaRL
brunolcfreitas
MauricioCuri
karinaaraujo25
vaerge
GustavoKorte
ajen23
anete2210
rickubo
spalocci
luizsilva3688
gibrandantas
rcolini
macakanashiro
RafaelKruka
ChrisMelloBR
alvaroma
kammanoregon
aslaran
tskandor
martinevillares
botecontos
TelComp
Flaviolb
jrogatis
Elbravo2
clevercom
Ju_Poleto
jr_pereira
prbianchi
mendesnathalia
gfmachado
joseluizprj
rafaelmpaz
alexc10
semiodutra
Brucken
PaulGroom
hschmeiske
alexnsantos
costasilz
valdsonalencar
eluisio
ronaldordl
gmautner
felipedornellas
davidleib
vidplay
flavio_freirejr
celticin
felipebressane
fabiana85
jncarioca
guillerj
kaffagundes
paulohm2
adriano155
dj_bradf
hchuch
Fabiodurand
mkrieger1412
marco_nogueira
mvenier
lexxainternet
cgois
LedBorges
wvceneviva
rosluna
BrunoDployds
DilmarSimonetti
narcisont
MaximianoAlves
Epaminondaslage
gpaivacf
estivall
maxdamata
bi_vieira
fokazaki
NILOHOLANDA
scarabel
Ctellini
pauloyamaguchi
celsoaliperti
Nando_lavras
serraocorrea
1RodrigoMartins
seoborges
Carlosdecruz
WOGebenlian
yassins
cclis
ercioribeiro
cardosoguitarra
rpestre
mamadeu
clovismartinsf
ademarkin
lpflima
rasollo
homemartifice
acessy
agendafeira
efraimfilho
miertink
Leilastoker
Alex10001
pereirarailda
Minerim71
ClearTech_BR
Saraiva_Melo
silviowalerio
tleste29
jose_lecy
earle436
viamercado
anisio99
mauriciopompeia
