SOSBikeSantiago
Aricaperiodista
manu_landon
HeathrowAirport
Maritasilva
mariocarrerag
cinechile
Porch_Waiver
Brasicamba1C
clau_henriquez
cinelebu
KatherinaHarder
PatriciaNinetta
arellanopaz
marianapajon
DeFarellones
skilaparva
CervAmauta
eduardolascuray
kakirra
drchotoko
scubarica
ay_gabysh
AgusQuesada
DigitalTrends
Crowdfire
rdselecciones
barcelona_cat
CityHub
altiplanomsv
Clau_diazm
mgarcia318
gonzamoha
SCavanna
pazbubu
LollapaloozaDe
NateMaingard
nanostern
SrDatos
francescmorales
rockandpop
LaBurguesiaFT
LaRaizNanoStern
mariaf3ernanda
monstersandmen
lollapaloozacl
lollapalooza
flo_tweet
miradaregional
CityTour13C
exIslaAlacran
CholitaChic
aricabarroca
patyarika
caleta_condor
Nueva106
siguealsanto
leevaras
jamstervideo
ATPWorldTour
Wimbledon
rolandgarros
thefixedlife
rockaxisoficial
soychilecl
PJFans
ChasquisDiario
Radicales_cl
Adubo100
PressRelEsp
aytugarospe
DjokerNole
AustralianOpen
ESPNtenis
FOXDeportes
weitcl
RetamalFernando
MarioNarvaezV
CHELODIAZ_21
hoyxhoycl
VozNoticias
empresas2cero
tatianalorenacv
CamilinSotoP
vandeperght
Bavarovich
PROgresistasRM
jopepecar
JOSEFA_SANT
adnradiochile
ecoosfera
HocicoTarro
CarlaCarrascoB
gtobecom
APJazzFest
AlertaNews
pereadista
catazuniga_
Sernatur_XV
CuatroLetrasCL
_Lau_Herrera
mleonicio
inbetweencl
lionaidosky
salvatoreamor
RaVquez
sadondoferrando
AMALIACAROCA
Gegitaa
polanogales
rfo_10
turusalinas
damianherrera
EconomistaFlait
verogaverde
EsenciaCine
ResidentStone
Fotoartearica
CinemaViral
_SambaCanuta
panicoenfinal
mauroreflex
Cisternacion
WhatAGameCL
ElProleta
jorgeolivares82
AmadeusPro
Conmocionada
Luuuuuuuiis_
davidespinozap
UchiLamat
Galadnor_cl
veronica_mp
amonaexperta
Lindiwiss
FelipefromChile
matias_carrozzi
FondosCultura
TaniaGomeri
cabala_
queestandando
DiegoSantaTuvok
csantanabauza
mackitag
AndreaUrrutiaL
grintcarol
glo166
SebaColdeira
duendeanarko
lalofigue
VictorLetelierC
petibuchebanda
panxooo_0
_RaulZarateSM_
bravopo
rafaburgosm
SonidosOcultos
grupodopeice
Videotiendacl
MaiValenzuela
yerko38
manucabrera42
rrojascapetillo
nataindie
cristinacoach
GONZALODEARICA
juanferrermusic
RoxiAbi
recordspapers
cdifilmschile
Abugord
iamflaite
Carodearic
humitadomicilio
AlarmaSismos
ChilePeriodista
PaolaAstudillo
elmerbutaco
ritaulloa
bea2210
fidocs
AricaRegionweb
Cinematografia
ermitanorock
lreyestroncoso
avaniita
MissRose_24
JuliaMironova1
cl_elgustavo
fcarrascomunoz
DanielSandovalB
MaiteZaitut
F5Group__
Dorideli
DrMonardez
PatricioDelSol
udechile
revista_exito
Mas_que_Chile
twitsessions
RobSilvaa
pacosalsabor12
RuinasHuanchaca
museodeldibujo
hinchasycanchas
pameguerra
urbatecto
feriaemprendo
puertoprincipal
elcalato
renatopizarro
pattafox
descone
musicaentuoido
Diario21online
ElHuevoRevuelto
INJUVTarapaca
pamela_pp
cinefiliachile
tepa_jeldrez
Lipolove
sinrepresas
todo_cine
cinehuerfanos
IMDb
chagonet
Jmigmont
AlfonsoDiaz65
jminnovando
pafien
Emol
manugarpez
coto_olsen
thebauer_power
SXNMEGA
JoakoRossales
Piero_Anacleto
UdelmarComunica
info_emergencia
andreitat07
mundophono
thechileanway
Teleton
paisdereyes
conizb
beatrizchamussy
fbaezr
SANFICFESTIVAL
Filburgs
LuLy_0
leongranizo
lunaticayloca
GranitodeAzucar
alexpuig
kcaley
_pfhc
eugenioquintana
mundy
ficvaldivia
locovadulli
marialejandraLF
DiabloSantus
Ariel_Levy
Telecinesis
evemargoth
matiasaraneda
Roto_ordinario
javier_hervas
vaallpo
periodiste
tainitoon
zeroalaizqierda
MarieDeAngel
fdaquiroga
Reilrev
Naigabi
infozeus
RobertoA
comentarista
Gentz
CinetecaChile
danaes02
karlaquirozb
centroGAM
Catiina
rolosi
SrMostro
futurofm
tavolius
hippiedemierda
Edison_scl
malarrea
dybd
Aalejandro_0
fabroo
miguelcajas
javieralopezr
cAbRosAmu
Humorarte
SebastianCerda
LessKeith
aricanativa
twiterillo
PamelaMatus_
alxMarchant
elnortero
ConejitaPop
Francisco_F15
Jaaapii
cdiazram
RigoGalarce
El_Sergy
arszombie
Cooperativa
TVN
guachacas
xLiberonax
A_Cine
Editando
TavaruaPub
redpointlabs
NicolasLopez
maca_zarate
jovisl
Don_Rhada
audiovisualduoc
osguajardo
dasalgado
elchecho_
markitsch
gabytruffello
sebagatica
elparadiario14
edowoo
XimenaGambra
ronell
lalax182
viejoroman
lioandrock
difamadores
janitoo
rocknvivo
leoqvo
laterceracom
tinoro
camilobravo_
CNNChile
biobio
mapcity
24HorasTVN
elmostrador
testeo_cl
lacuarta
DiarioLaHora
carlosmorenop
hectorvera
v_rebolledo
Supremaciacalva
quierosalir
chokru
patriciobarrios
marcoporchile
thecliniccl
radioheadnews
talvezsi_
RedMiVoz
OscarGuajardoF
suenacl
r_catalan
pelaoramos
Roaguilar
aricacity
elmorrocotudo
angruea
udogoncalves
cristianmena
paulaale
