KBank_Live
GSlotmachine
BreakUpQuotes
netflixth
TheLifeDiaries
kumning
ThaiQuote
Chitvac120
Allkorea_jm
beautyskymu
azakawatt
AshAndHerGhosts
POMPCRN
AjarnAdam
GirlsNoteBook
nunobettencourt
Eng_afternoonz
Positivevibe101
SinghaSqweez
RatchataThai
YongArmchair
ittipatNationTV
BeBe_Porntip
Zoella
OliWhiteTV
Joe_Sugg
Caspar_Lee
chaaim_als
lvkoddchi
NuiSmile
nongonjubjub
Nupunchie
tthhiipp
q_kritchy
filmpwchy
diadoraa
NuEyeLookMoo
Marilyneqwal
Concepcionscshv
navaboww
pompam92
pratya14
kittichai45
AppleEyesStudio
143lw
Chanishhh_y
podjthanomnab
khaithoung
yogeepooh
tummyM
P3UN
SKtop3z
goodmnb
Amprontalk
ChatSomzazass
CrAzYPoT_NJ
MavYDanger
oOMowMowOo
toe2524
yentafourz
pon_natthapon
tatamjang
advancer
iPanich
muchazi
pattira_kae
Maydozaa
worakitgolf
charoon1969
Wipa_Ata
htcdkk
nuforce_fiat
stamp_1
cciues
jirayu_pod5
e_thongyai
Bruno052912
OneUpons
TTN_ThaiTravel
Curvesgang
fangnarak8
Ratrodkij
kedmanee_kulab
lovie_y
iamjirasak
oilzil
puarasga
danchai_nortown
arale_naja
speedypood
aoh10
tungthong_blc
blackjazz702
moncandy1
Puk_Thatsanee
ArmWinoThai
chonglom
ll_Sy
Baitoey__toey
pr_bma
Apikaze
peteitem
Twittleja
zittichai
PeerapatVanit
pickzz
vatchara_s
pentor1
CHOKSUPACHOK
ju_joopz
ananwongpatham
BlackYui
noomnok
VincentSenja
laycnd
anurakkitcha
Akety
JuMManson
vitzchill
AnderaLBaliga
yura10
yuttakan_master
Namssmm
indymon1
incosmetics
iMooKbb
morningsleep
BookChawin
AsakiPooza
btoey_panatpan
zeropluss
WorldsTreasures
almditf0
EmbracingLife_
Arm301Arm
Baeiitong
iceecreamyy
pinvbfc
pp_pincha
BurnYourFatOff
microencapsulat
Luvpapus
BlRTHDAYPORN
TanyaBurr
Pham_MMs
lertvarit
girlideas
MartaIbanez3
apinara88
InfluencerPass
byebyemyfat
DrRungsima
StampApiwat
FactsAboutBoys
Holocenexo
SweetygreenTH
kidmakk
Kidmakk_
KeeganAllen
adamlevine
cuttolipta
navintar
kangsomm
tbhreIateable
yayaurassaya
Pleasehealth
Fit_D
GifboomApp
CommonWhiteGrls
awkwardposts
AdviceTherapy
johnwinyu
TheIdeasEconomy
Saturday_FB
NokSinjai
echofon
instagram
ploychavaporn
ThaiTopRT
Fucking_Hero
moopamooba
beenamthip
ladygaga
hoksingha
OneLouderApps
fearfat
TrakarntaK
ramiahnena
SexualTurnOns
thaimarketing
vajiramedhi
LOVEBLOODTYPE
iStudioTH
daradaily
Thairath_Ent
QuoteMafia
wordstionary
titleolepb
OABAB_bloodtype
BU_Records
ComedyPosts
mckinSkin
heyreos
mindsetdev
promolta
officialmckell
Zodiac_TH
pupayb
aomnoi_s
FitTea
lnsanelust
factsonfemales
top10thai
thapanee3miti
nnanews
CitiDiningGuru
RoundPoetry
DjPChod
DjPeeAoy
DJPKatime
ChompooAraya
paajaew
nuneworanuch
Sithidej
ChicMinistry
BarbaraTheDoll
TheHooApp
TaylorBombz
sayingsforgirls
Rawangpai
WorIdStarMusic
LoukgolfLG
MissRoyalBlush
MeninismTwit
RJayMacMusic
mktmag
ItsThingsInLife
RarePopFacts
ThaiPBS
Mr_popular
pr_bangkok
BurningPounds
StevieGthetruth
youtoofunny
AngelaSimmons
LostWords_
payuclark
jarinporn
joeybangkokboy
airmay
488mt
prantarit
AimeeMorakot
gavinduval
Noom_Kanchai
wannarotvill
GolfPichaya
yingmann
CaroALofts
LifeFacts
AduItHumor
funnychapter
boyswho
worawisut
andrewbiggs
pukzyy
KUMARNBUT
TuaNga
FoetSlotmachine
AIS_Thailand
Bangkok_BU
js100radio
news1005fm
Thairath_News
suthichai
thaiflood
kalamare
Kitti3Miti
Plair_llws
MasterPopWorld
club21thailand
lilmissperfect
Gumaikoeypid
PongNawat
RudOscd
UberSoc
dailycherie
WomanTweets
_Cutequotes_
TDFG_
Yunggrachh
L8tweets
MileyOnlineUS
Da_Real_MVP
WishfulSayings
fiIteredface
ShitThatsMe
TimelineKeren
SwagPsychology
WeEatQuotes
BestTeenQuotes
TheSingleWoman
DokterCinta__
mleximusic
travelingspots
l3ooom
iTwitQuotes_
GentIemenNotes
QuotesUnite
AjukuGirls
endisney
NickyHilton
popstarmagazine
ddlovato
ashleytisdale
itsmeleighton
terchantwist
KristenStewrrt
ihatequotes
TextQuotations
GameVaultHQ
funnyorfact
AYYSIAN
TeenThings
ohteenquotes
GuruGuzzi
poppychatchaya_
AerinY
ParisHilton
PetePol
yyyyyyokii
PangPloyvarin
bellasonne
Malicoates
M1KEANGELO
Mintsbabii
K22tt
chanyatamada
paulataylor
AV_Abhisit
wanderwaii
chris_rob
janiethien
Domepakornlam
Woodytalk
