ThisIsRobThomas
RecordingAcad
LouisVuitton_DE
cheyennejackson
GabbySidibe
ImAngelaBassett
MsKathyBates
FinnWittrock
Evan_Peters
taissafarmiga
MsSarahPaulson
AHSFX
billboard
foofighters
ChiliPeppers
Fashionista_com
TheCut
WhoWhatWear
VictoriasSecret
hm
RalphLauren
Moschino
AlexanderWangNY
LilyAldridge
AdrianaLima
angelcandice
RosieHW
StephenKing
SethGreen
SethMacFarlane
sethmeyers
nbcsnl
FallonTonight
rosemcgowan
jimmyfallon
YouTube
CodySimpson
Vevo
carlyraejepsen
ShawnMendes
Meghan_Trainor
charli_xcx
IGGYAZALEA
givenchy
VogueRunway
CRFASHIONBOOK
annadellorusso
Balmain
annieleibovitz
OfficialALT
samsmithworld
karliekloss
Caitlyn_Jenner
ORousteing
AnnaKendrick47
chrissyteigen
enews
khloekardashian
robkardashian
aliciakeys
GiGiHadid
jizziemcguire
HillaryClinton
babyhaim
BrunoMars
Cuevana
MissyElliott
HAIMtheband
darrenhayes
Eminem
TheRealAnnaCamp
TrueBloodHBO
paramore
lorde
Imaginedragons
OneRepublic
coldplay
EW
maroon5
OhGodOshea
BoyGeorge
IvanMadox
JaredEng
EllenPage
SarahKSilverman
NaomiCampbell
giorgioarmani
Pharrell
Roberto_Cavalli
Primavera_Sound
SonarFestival
skyferreira
JeffKoons
TomDaley1994
CameronDiaz
mtvema
chattyman
cnnbrk
Harry_Styles
onedirection
nickjonas
cher
ZacEfron
hitRECordJoe
JonahHill
kenbakernow
KarlLagerfeld
JasonKennedy1
IAmCattSadler
AdamLeber
adamlambert
wizkhalifa
LarryRudolph
WillieGomez
RyanLewis
macklemore
JCChasez
LanceBass
LilKim
MaisonValentino
chloefashion
Akerlund_Jonas
etnow
LiamPayne
NSYNC
extratv
MuseumModernArt
LuisaViaRoma
TimGunn
joejonas
edsheeran
HelalatSaleh
heybritney
lechugaverde13
boylondon
LeoDiCaprio
jessicaalba
amandabynes
McConaughey
FB_Date
karolinakurkova
LuisFernandez14
FashionweekNYC
channingtatum
Cristiano
SKstudly
CNNEE
EglantinaZingg
girlsHBO
cocorocha
princepelayo
Caradelevingne
JasonWu
ashleytisdale
IamGALLA
Drake
LANVINofficial
FashionWeek
people
Terry_World
ZooeyDeschanel
officialjaden
SimonCowell
AshleyMGreene
i_D
SeanKingston
tavitulle
NYTStyles
kelly_clarkson
tmagazine
GQMagazine
LondonFashionWk
ManRepeller
aplusk
AmayaArzuaga
thebranderybcn
080_bcn_fashion
Essential_Homme
duarte_mariaysa
maybelitaj
elliegoulding
CarlyRoseMusic
TheDoctorLuke
TheBritneyArmy
Agniuzkha
mausbakery
chrisbrown
KrisJenner
VogueSpain
harpersbazaarES
PaigeAva
CeciliaTrina
Sala_Apolo
TMattisonHicks
antich_mari
ParisHilton
RyanSeacrest
MaterialGirl
MensJournal_On
Fergie
taylorswift13
ErikaDLV
ElieSaabWorld
TheWILDMagazine
guyoseary
riverisland
RitaOra
OfficialMelB
GeriHalliwell
pamfoundation
NYMag
dreelovechild
sarahjustanidea
BALENCIAGA
EmmaBunton
HempMuseumBCN
vogue_italia
Neo2_Magazine
SJP
bjork
RiverViiperi
TrueReligion
DJWS
DitaVonTeese
Metal_Magazine
Topshop
ddlovato
salabecoolbcn
Volatilvisuals
LouisVuitton_IT
models
Ferragamo
DiannaAgron
cupofcouple
icanteachyou
Sartorialist
coletteparis
jimmychoo
openingceremony
Fashionisima
elfashionista
kourtneykardash
RollingStone
MirandaKerr
CindyCrawford
HistoricoMoment
KateAMoss
chriscolfer
MadonnaWorld
LouisVuitton
CherylOfficial
jasontrawick
OfficialWillow
justdemi
americanapparel
RobertsEmma
jimmykimmel
ActuallyNPH
3gerardpique
KristinCav
TheRealDaphne
MarchesaFashion
EmilioPucci
oliverjtemple
JustJared
GQStyle
SwimLollipop
KylieJenner
SnoopDogg
willfmont
NicoleScherzy
harpersbazaarus
marieclaire
LanaDelRey
MulberryEngland
adamlevine
LouboutinWorld
Versace
Alyssa_Milano
TeenVogue
InterviewMag
JPGaultier
StellaMcCartney
kellycutrone
BritneyDotCom
YSL
ashleesimpson
GwynethPaltrow
MichaelKors
e_entertainment
MrsSOsbourne
ELLEmagazine
VanityFair
MTV
iconapop
CHANEL
scissorsisters
Madonna
michellebranch
whitneyEVEport
stayhungry_bcn
KatGraham
KendallJenner
LouisVuitton_US
_whenyoudie_
SofiaVergara
BritishVogue
wmag
JessicaSimpson
gwenstefani
AttitudeMag
BarackObama
ninagarcia
marcjacobs
voguemagazine
MichelleObama
Burberry
EmmaWatson
dolcegabbana
gucci
vmagazine
McQueen
VOGUE_Germany
becausemagazine
KateUpton
Mugler
hcapriles
TheEllenShow
outmagazine
heidiklum
90sgirlproblem
VogueParis
NYTFashion
kanyewest
robbiewilliams
PedroLGasparson
edgarramirez25
PabloACostanzo
themarcjacobs
JLo
MIAuniverse
RachelZoe
LoBosworth
JanetJackson
garbage
Dior
Ricardo_Arias_U
HarryPotterish
Alissa_Darling
Zac_Posen
RobertoHDF
fifilapin
BrodyJenner
Alanis
JaredLeto
Narimeow
MarianoGruber
justinbieber
HilaryDuff
MileyCyrus
chasebenz
zaclattimore
LukeBroadlick
adriengalo86
ITSJEREMYSCOTT
tyrabanks
RuboHG
JackOsbourne
PepeSanoja
LaurenConrad
KellyOsbourne
Joan_Rivers
GaelGarciaB
rustyrockets
NICKIMINAJ
selenagomez
LennyKravitz
Bettina_vm
vanemr8
LeaSantanaC
UberSoc
KimKardashian
jasminsitara
nicolerichie
CalvinKlein
AudrinaPatridge
iamwill
jamielynnspears
nodoubt
thefashionisto
rawrawrandom
victoriabeckham
KeshaRose
IdepBarcelona
Tocinetini
Barb___
mautheant
xtina
MadonnaTV
taylormomsen
Itzrel03
Rdgonzalezb
Deponteandrade
AvrilLavigne
Rafa186
_DANIELPERDOMO_
CR3ATIVE_Humber
PerezHilton
Pink
AlfredoJNunes
lumunez
Cs2089
kylieminogue
PaulinaRubio
madalyc
madonnatribe
shakira
jtimberlake
EvaLongoria
ricky_martin
chelseahandler
Beyonce
lilyallen
itsmeleighton
katyperry
rihanna
ladygaga
Andr3on3
kataleventis
lindsaylohan
NellyFurtado
heidimontag
jorgeanzoategui
saxophoxh
cartman86_5
Ronnhy_Garces
britneyspears
Velrt
FotiniLeventis
