tryguys
JaponEamigos
NekoJitaBlog
ManuelBartual
mptmusica
Gisela_Varias
MoetJess
StageAgency
MARTAMATEODOMN1
LooserSerie
NetflixES
PaquitaSalas
braysefe
MsNiiina
soyunapringada_
FreyjaAutumn
JAVIERCAMARA1
BlackieBooks
TshDotNet
OrquideaComunic
Cristhian_Troy
MADLROficial
percebesygrelos
davidsolans96
TicketSwap
javviercalvo
PSDFreebies
LaCasaAzulBCN
Veuscomsi
diverseaudiouk
sssinistre
martamateomusic
mossos
FilmBayona
InforErotico
Tentesion
Daco___
LadillaRusa
TwitterVideo
PrimaveraPro
GayArtists
BSM_Patrimonia
deletrean
politono_
CesarOrdonez
reescribiendote
horuhekano
saaraaalto
hatssound
davidenguita
Lespurnabloc
nuvol_com
evagonzalezf
lordofanywhere
N1kotron
LaNoeDelAverno
NuriaSilma
HacheValmont
FlamencoCor
SissySpacek_
DJMix_Mastering
festivalcarab
bellezareal_
WeFixYourAdvert
qqccmh
yos_xxo
badbixsamantha
PepeFarruqo
paraiso_gay
iamviktorvalles
more_songs
PhenomenaExp
Sibaris_musica
ClubRosas5
DeluxeSabado
AnnekeNecro
sistersglitter1
ThomRamus
OFFmagacine
maitelorido
hematocritico
Tentacrooel
Danielr__reyes
MissFameNYC
Primavera_Sound
thekillersister
mixcloud
mjdwarner
quintoBeatle_es
JustPlayItLive
MoritzFeedDog
indiespot
sresina90
Joseluisalgar
DiviCakes
SergeGonzalez
IsaacFolch
nochesdebitches
stelebisor
musikorner
Ultraplayback
feafestival
Albrtdelunivers
Mikan_oficial
SOS48Festival
BrigittaLamoure
tu_vecino
WololoSound
polcorominas
VandalsRec
69333b577445421
Dynamomagician
Cinnamon_works
masorhu
lydiabosch_
DavidBowieReal
Cullerott
dePerezSanti
kriscasami
drawwinds
hosoipower
guimy_more
nakfe
DonSergioAlonso
Putasdealfiler
KenanGaona
cbusquets
jjaviervazquez
GmezMacarena
NiC_Frances_
Alfiezaballos
alveitor
_nuria234
fran_rde
woemergentmusic
Luis_MR96
CristinaDivi
gualagay
Alaska5000
GillianA
SHARON_NEEDLES
RuPaul
RuPaulsDragRace
AdoreDelano
courtneyact
fitnessMJM
Espectaculo_BCN
EspeciesSERCAT
ARTENOUFESTIVAL
TheLIPofficial
luciallovera
officialTSAO
curuxa_brank
tvrandom_
TheChanclettes
laugial84
beatmashmag
SupremmedeLuxe
MasterChef_es
Pepe_elBohio
JordiCruzMas
Nubetiamusic
fabricatele
DeividRevenge
iamrobertdobbs
DloMagnolia
JaredLeto
miquelreverte
lapelopony
PorcelainFans
Chris_Villain
PorcelainBlack
davidduchovny
IanMcKellen
Marvel
TheRealStanLee
SethGreen
ActuallyNPH
alydenisof
dejamehablar13
SarahMGellar
NoemitaDJ
blugraphic
W3layouts
TheEllenShow
VeNeill
FaceOffSYFY
Pasku_85
CorentinRenault
mckenziewestmor
igorykingdom
cabaretberlin
susanalluna
sosann
erik_be
jlcasal
empiremagazine
MatineeUSA
AsanZaa
LesArtsdAvantGa
Isaiah_Draws
lauraarin
Musculomania
Sergebemi
lp_paul
iPrincipito
johntones
jennirodri
DavidZorel
albertommoral
peclaveria
jaumev10
cgvector
happip
xbhrnnd
deculoabocano
Candeloide
colortheory
benlandis
Alversen
JuegoDeTronosTM
Neo2_Magazine
luispereabcn
Carlosfaneca
Battobutcher
alopezsocial
turuikoh
ValentiaRecords
Manel_Loureiro
arallibres
MoritzBarcelona
MiChi_MadNesS
astralfractal
WYLIBarcelona
Fotli
Phusions
johnkylven
uriolmh
Chusita
Kelemborz
JaxintoMyth
ONEMOREDAYIRL
DjXaviAlfaro
NALAYABROWN
matineegroup
nnnnnomi
Tamara_Falco_
exacur
LucasCruikshank
britneyspears
nochesradio
LeoBurnettChi
LeoBurnett
analacgar
JesterRocks
Diego_Gum
sk_ked
TrucosPhotoshop
indiescabreados
GranHermano18T5
Wanna_Music
aristanet
ForeverDAI
horadeaventuras
tinetr
lescanadian
actoreando
planetamixrec
angelfmarin
andromedahigh
Michael_Bowman
pabloblume
Capi_AJ
gem182
hm
ClaraSeSe
WiggumRalphES
ainabond
VineCreators
secundelarosa
MAXHellsKitchen
ERRebeENE
comodiormanda
YleniaGandiaSh
ArantxaGandiaSh
MTVNews
NancysRubias
HoldenCenteno
AlaskayMarioTV
CromosomaX
TigrilloTW
Mikisss79
SCaparrosa
bemasa1986
Rubiu5
_SyL_Gasso
rushsmith
MarsOneProject
AlberBerrio
DrGaona3
bbbx464
MadAlf86
danirubiolee
Gustav_Klimt
SofiaVergara
arieldeniz
felolira
LydiaLozanoOf
Charliiee_M
JaviGuerrero87
manelferrer
MrRPMurphy
snooki
JaumedeLaiguana
Robert_Bonet
marcflorensa
Garza0505
MartaSanchezPop
JLfromtheblock
marcpijuan
Jorgevilaplana
soniamadoc
RebecaMusic_SV
soy_pedrito
PlanetadComic
Martisima_SoyYo
SSantiagosegura
monica__bcn
Oh_Anni
belenrdguez
NormaEditorial
NormaEdManga
xavinavarro_es
GayReverse
CarlosCasquet
edugarciaphoto
AbrahamGandiaSh
Estoy_Bailando
Frank_Blanco
axelfriendly
GagaGOP
AmorRomeiraGh
_MarioVaquerizo
Carmeron
linamollar
Sarandrade
JordiTabernero
Jon_carreno
DJJOSEFRANCO
TonyAguilarOfi
NataliaOficial_
alenartw
MADFORM
marc_lax
espinosa_albert
CarlosCuevas44
teatrenacional
mxpijoan
lyona_ivanova
MaDisite
KeshaRose
Vertele
MiMusaMeInspira
Planetadelibros
PlanetaLibrosMx
EdPlaneta
javiderios
SanchezRebeca_
libroscom
nosolomono
carlosjean
csuneg
JenReyP
MileyCyrus
alivepop
pablorjdp
remaromusic
Popadrados
giselaoficial
Adele
Sirisyonkis
Hidroboy83
laxarxaradio
rosarioficial
maria_patino
MusicTelecinco
Kat_erreape
JordiVinyeto
LaVinyeta2_0
20thcenturyfox
algunosfiordos
robbiewilliams
GeriHalliwell
peppermintpepi
SKYFLATS
eiko_cupcake
MauricioGranate
laorejadevgogh
VasavaStudio
TeenPlanetLibro
LolitaButterfly
angeldelolmo
Mimarqui
srta_watson
Angiejuanes
ericsaademusic
Danny_Savcedo
AVMHollsten
SonarFestival
TheRealNickRoux
ansimuz
KayleOfficial
blancoynegro
RutsiCM
TvisoNews
sonypictures_es
DaniSantosTV
gvbirelsvnchez
gh_larevuelta
Coral_Segovia
GuionistaGilda
Nuriapirapi
BERTRAM_STUDIO
Javillf
revistaQMD
VMAN
CarolGalarza01
ModernaDePueblo
thebrandersgi
nataliatatche
lollipopdiscos
claraoliveras
AnnaGagoBenedi
carliuxspain
Lledolas
RedSquare_
jbm_music
jk_rowling
VanityTeenMag
topaciofresh
elRemixcom
alemateo87
SocialTVbcn
PaulinaRubio
Buenafuente
HolaNuevoLeon
harpersbazaarES
elvysmaldonado
hola
cuore
elle_es
Cosmopolitan_es
Hipertextual
samantavillar
instagram
vanidad
aplusk
navedelmisterio
RosaLopez
fashionablybcn
DeModaLV
BolliStuff
Flavio_Studio
Barbijaputa
quimyo
Omar_Su
EduCayuela_
Loquesurjatv
voguemagazine
MO_BARCELONA
SusanaMktOnline
jaimeguerrag
IsabelPaparazzi
conexGodzilla
_AlbertoPadilla
elcajondesastre
CarolinaSobeOfi
MiriamConstant1
Taifu89
SpinellyArianne
Beatriueta
BUNKAYGYM
criiss_89
Makai_Macdonald
SoundCloud
vmagazine
Fashionista_com
MBFWMadrid
justmarriedbcn
Dior
NACHOVIDALPORN
primaSheila
lavoza3
Jon_Kortajarena
dosensocial
BLOWCouture
Anikel3_
ElvisaYM
iLeoVlogs
gmartinb
quevuelvamecano
LUJAN_AR
globomedia
Nagore_Robles
xabatnet
granhermano_tv_
davidguetta
jbalaguero
_JesusVazquez_
mejoresseries
tv3cat
toritoquique
monicanaranjo
TMB_Barcelona
TicketmasterES
EspeonzaAguirre
Treemkt
carla__cuenca
ITSJEREMYSCOTT
espinof_tv
2NE1Spain
lorenacastell
ColectivoElectr
danosuper
Babididu5
ToniGalvane
Sandacos
carolinaferre1
AngyFdz
Isaacpecino
DisneyPixar
roseramills
bibianblue
wescraven
UrbanBlacks
TheRealNimoy
FRINGEonFOX
Porteroangela
LadyGagaSpain
divinity_es
acorralados2011
GraciaHoy
lauramillan5
anitaobregon
Hmagazine
RoserMR
anarosaq
mkdirecto
davidbisbal
ParamountPics
adictosSM
SocialBlaBla
NickyHilton
MECANOnet
ZafonOficial
Focused_Pat
victorgguillen
mundy
zorrakumi
RBKBROWN
Catalinaragon
yus_alonso
CoolturaFM
Laura_R_M
CarlosRivasFdez
SorayaArnelas
sorayarnelas
amandahockingES
MdemoiselleB
MoiHV
MarionaGasso
_DannielRojas
Amor_a_lArt
baileahorcados
msanchezpalma
ValentinGaral
RobertMendoza_
RicardPijoan
SudokuLaserie
VarsoviaMusic
DavidMBuisan
JohnHuhn
DyanaKP
OneStepAway
Victor_Ark
colansky
deborah__ombres
W_Barcelona
SandraHerrezuel
WhatsApp
ikari_luis
Los40
Ana_Torroja
Mecano2016
educasanova12
PolRossignani
YouTube
Aaron__Amat
alexeikurkovski
nachoduyos
tuxy182
alexgasso14
JustinsLuckdest
Samuel_Haick
ClubsDiR
victoriabeckham
SYVOKON
KazakyZone
ElTerrat
Kiko_Hernandez
mariovaquerizo
Borisizaguirre
Gestmusic
selenagomez
ManuGuix
vueling
tonidelatorre
SonyPictures
clubdecreativos
weloveadverts
PaulaVazquezTV
Nina_Artist
Chenoaoficial
Lorenagomez_
yoigo
mariucha
sergidouton
pacoleonbarrios
hector_aspano
chechikun
hijosdePAPATOPO
HectorMuDo
RedOne_Official
LeChuuck
FangoriaOficiaI
RealKateRyan
MarioJefferson
iamSeptember
BrotherLeo
taniallasera
DjSuriMusic
natpage_
OBKoficial
Anahi
JaimePetafiel
mariabaeta
eiko_is_a_mochi
JennJennette
LydiaQ_Music
edgarg
avigara
eros_pau
marccmiro
terrealcor
ElefantRecords
ericsaadeuk
Ounomachi
Janoig
JessieJ
oficialVENUS
NoemiGaleraN
escacc
cesar_zv
jordichicletol
RobertoCadiscos
ValGaral
carmenalcayde
victorclares
alexdelaIglesia
mktfan
Pepino_Marino
Carmen_Lomana
AprendeEscrivir
kkaepsongggg
alexjuanes
NachoMontesTV
thebranderybcn
hmespana
kikoalcazar
aquaofficial
cuatro
RazzmatazzClubs
francescmorenog
dirtylaw
andreamgs
shemusic
Desahogada
JuanPaparazzi
PabloVlogs
this_is_alika
ChrisCrocker
laura_lopezcr
icanteachyou
LittleBitMag
MattChRocha
lililamina
popandcornband
garbikw
cupcupberry
mtvspain
RamenParaDos
jaelbd
raqsanchezsilva
Alexkalextrik
marcbernabe
Perfume_City
enjutomojamuto
mustmagazine
davidcuni
lanenacalva
orange_es
kirai
ismaelalvarez
Belanova
elandroidelibre
applesfera
androides
ekuseru
carlachan
Berto_Romero
AngelLlacer
iamchemadiaz
El_Cosmonauta
piusgasso
ArularMusic
TRIAllibres
VogueSpain
mariananannis
_ELECTRONIKBOY
gossipgirl
grahamnewey
ParisHilton
tanialozano
la_prohibida
roserfanclub
lorac_25
guillemilkyway
seitller
anidealgift
kamikazefactory
_GabiRoma_
mola1000
svcarreras
ThaisMusic
sexymafia
oscaredumusic
Museboy
esthercarrasco
ladygaga
SergioCuho
dannyoton
dolorsrueda
atzur
salvamuste
arashhi
XaviGasso
