miaussr
beefandnargil
kiraeremina
DmitryMalikov
blossomjuly
Noir__Tea
povodvupit
berenikanika
edaneeda
darkmotherr
VVP2_0
Shulz
cynicarea
RabinovichSlava
xlebushka
Yesnoved
DibHumor
maryLL2002
SberVaflya
SimpsonsQOTD
idiot_zapros
propal_chelovek
fakemath
great_ukr
PoliticanaRu
ComedianTwi
brodsky_joseph
kafka1910
trollgnet
jan_beame
orel57_kyzz
U3IOM
HistoryFoto
userdie
thank_u_cap
AveMisha
KapitanKenguru
D_Ruzan
nameofday
SherlockSH
krutiale
AlmondRocha
vera_polozkova
9GAG
molotchino
feels_like_1984
tabletki
2_slova
RussianMoscow
comrade_wolgast
drunktwi
humorltd
StasyaLeonidovn
Pirozki
ZenyaaS
SofAlexandrovna
nyamirai
koffboy
kypexin
Interesno_Vsem
yasviridov
violet_lamb
DJGrooveRussia
RussiaMoscow
rain_deer_
DanielLesden
kanistra_speaks
tatian_iva
_Marmeladik_
theohurts
atbandre
ozhegov_ru
BestFilmQuotes
D0CT0EBCKNN
valeriealeshina
