elmundoes
Zart_Evgenia_13
MirageCinema
Tvoya_L
JPishcha
No4ka_From_Mars
phoenixlp
jackbIoom
amigo0205
Angelinski_Lil
vpacifist
Komarova_A
mudrostizhizni
Shindlerlist
NKchamp7
tati_firebird
KozlovskyD
durov
jtimberlake
sochi2014_ru
GlebGodunov
skilletmusic
johnlcooper
esquireru
ponominalu
sobaka_ru
alinkalool
DallasBuyers
wordforfood
_Genefis
piter_nash
s_bezrukov
koptevanatoliy
sarcazmator
rumatik
Imaginedragons
Tasha_Chaz
theNside
Makc_mo
spbevents
DomesticMachine
AdamHurts
fainaranevskay3
a2spb
nataliavanne
TilSchweiger
UrgantShow
lena_fm104
zenkin23
smolenskpanzer
filmprochat
vladimirpozner
BenAffleck
Vlaso_va
rockamring
rocknword
filmprostar
Billboard_Ru
Nickelback
evguenypmi
bari_makarova
potf_ru
filmprobusiness
LennyKravitz
mikeshinoda
pmishow
mcombo
kinopoisk_live
twhiddleston
elalekseyeva
RSprachrohr
SergeinasheKozi
kj_jules
TatianaKoba
thekillers
Adele
MovieNewsAll
maxidromfest
dal_ru
remotemusic
biglena_spb
ChesterBe
tschelovek72
matveevCAT
kosmonavtclub
AdamGontierReal
spbkassir
formula_kino
sasha_bush
IgorPastukhov
alexandrbon
AleksaBelyaeva
kwizme_en
evgenyegorov
potfmedia
ska_spb
ChiliPeppers
rossiya_airline
KOPOTKO
Bookvoed
Tata_Madridista
ClubZal
Tsuguliev
RealHughJackman
OlyLupanova
carparknorthdk
iamstevesparrow
morningparade
erandillcheg
sergey_kosarev
filmpronews
lizaidontcare
AnnLitvinova
EchelonSPb
Grafonova
muse
tochkakino
tcnsan
NasheRadio
Bagaeva
brakovka
m_juanito
PoetsOfTheFall
MattBellamy
STUK_SERdtsa
LisitsinaM
ForbesRussia
uIibka
theohurts
kinopoiskru
LeoDiCaprio
urgantcom
ivantv
JaredLeto
jaredletosays
Raive
N_a_t_a_l_ia
makharadze
linkinpark
nashestvie
s_w1ld_RUS
MedvedevRussia
NataliGlazunova
aovchinnikov
ShannonLeto
