SteffenBrans
AppwiseBe
BramDeGeyter
jon
june_energy
RobbeVDC
digitalbase
lukew
bol_com
Thinka_EU
AudiNieuws
Moodshakeapp
pike_ninja
E3COMFORT
Apple
jorisHaesevoets
pironetdon
mobinni
eliedevlieger
tschurmans
Appiness_Inc
Joen93
justsaycarl
zwartopwit
LouisDhauwe
TobrunVN
kzenmatthias
kodeusbe
jeroentrappers
fotograaf
r0derik
TYsewyn
HowRuud
theMBcompany
TheBitBrewery
patrickdebois
ristkof
Mangamaui
BruVanerom
jarchitects
freberghmans
wmaesschalck
NielDeckx
jonasvanschoote
axelsegers
ouilouis
bhuenaerts
the_office_be
NiVerbiest
SvenBeeckman
BoseBEnl
TeslaWorldCOM
thomaskeuleers
mono_company
nicolaverbeeck
molsjeroen
nickdecooman
SabatinoMasala
wvanrespaille
Jasper_Meurs
Dwaynario
yannickvg
roobroeckk
KrisWtjns
JoUytterhaegen
joristi
JorisMissiaen
JorgeDeCorte
josomers
MobileCronos
HeyPlayCo
cozmosBE
AppreciateHQ
AppsOnly_BE
madeawkward
timbert
bramseynhaeve
tmussche
R_Dries
madewulf
Nico_rhns
swentel
bartverhavert
maxvoltar
ParseIt
wuotr
KrauseFx
ausy_be
kvaneycken
mr_davidbe
CinemappHQ
atog
cappha
samberteloot
StevenVBe
stombeur
nextapps_be
wimvanbuynder
fousa
proximus
DMOAarchitecten
Soulopoulos
JochemWijnands
AppleRoadtrip
louisjonckheere
bitcrumb
wouters_bert
joris_smt
duponol
timvw
janseurinck
tijs
bartdt
denniscovent
_MrBart
bobvlanduyt
fmaelbrancke
ThisIsSiebe
swiftdev_tips
appfoundrybe
jjchieferson
withGoogleGlass
Be__Jeweled
routeshare
ajdhooge
statikbe
jannemans
woutercuypers
pjv_
JustineVanHauwe
jansenmaarten
stvnodb
googledevs
Elsetravel
JorikRombouts
Rombit_BE
jeroendebacker
TeslaClubBE
gifgroen
nikolassterck
hansv
SamVerschueren
sgoossenssander
Endare_
jgoyvaerts
yoniweb
SlackHQ
GlassAppSource
vdhpieter
jandedobbeleer
jhogervorst
desmetdries
Steffest
madewithlove
creativeskills
philvers
icapps
erikevrard
coenheck
_bava
arnaudrecko
WoutersAnton
andrewberth
missmaesen
EllenDeGrendel
tatsvc
Goesman_
yvertier
YannickMeel
BobdeGraaf
conradstoll
jarrroo
vtim
bartvandeweerdt
DuboisJoris
Mobel_IO
bengoevaerts
wolfr_2
JonathanDeMoor
BiznizpointBE
elonmusk
Tesla
thijsvdburgt84
Leni_Tim
NSHipster
rvandijke
elizablock
NielsinSF
GalarinaDev
benoitsan
hosymat
davykestens
hufkens
rwenderlich
mrstijnadams
WWDCNightOfMeat
doozMen
erikkraayenzang
mikeseghers
jNoxxx
jn_cn
andreascreten
WWDCParties
nickyp
Kekedandois
Lewion
Evelinesmet
easymbe
Thiebout
spencerpieters
jonaswouters
steipete
StievieApp
bdc
tomklaasen
moopme
tafh
dialogueapp
kodel
matthiasnys
govisualnl
rickwaalders
peterkuterna
KoekoekTV
Dropbox
Junni
ikbenmartijn
lemaire
Scarbir
VERSIO_nl
mobilerev
redzie
Cobook
jorren
tomclaus
tapdevjobs
itpocket
BDLifeLabs
BoondoggleBE
BagaarAntwerp
goos_sander
peperzaken
litrik
OneLouderApps
Telenet
markjardine
joshshaffer
vickimurley
funnest
behrens
Jury
stroughtonsmith
Inferis
rsebbe
wernerramaekers
pieterclaerhout
tmaes
zambiorix
kickoffapp
inebenzine
AndroidQuery
panic
Weathercubeapp
JakeWharton
DropquestAlpha
nickrenders
WimMees
dieterguns
nilo
Coolblue_BE
SossieNL
nielskooiker
OnsEK2012
nielsvr
eltjov
pauldenotterrr
timocoteam
tapbot_paul
Arcank
jbbegue
sparrow
AudiBENL
artmediabe
Jonnotie
tomvandongen
jelleages
dzcharles
WWDCAlerts
tilaavps
PolitieLeuven
samvloeberghs
jeroendp
paultvtest
pirquin
klaaskox
hotterbeekxN
jelleprins
wbroek
thenerd_be
DruklandBE
PhilipPlotnikov
Advance_Europe
codebrothrs
martijndeh
geekyouup
lieven
Timothy_dev
mattgemmell
tnys
Mark_Verheyden
stevecleynen
YvesKallaert
appnormal
Larkef
vrtmedialab
GUNKtv
dirkjanh
PaulienWouters
JWVD
tomorrowland
jeroenrenmans
vedett
JanssensPaul
FredericJacobs
Q2_official
GymFu
StefaanLesage
CocoaHeadsBE
onemorething
jelle_v
_iOSDevTips_
benchproduction
bluecrowbar
mobweb_android
jelledelaender
sprtls
GertjanLenaerts
sselleslags
iDevRecipes
mytopfollows
StyleCowboys
jouwaanbieding
phley
9to5mac
iBOOD
AppsMarathon
GoogleMobile
Tabletworld
Michlen
anthonydonker
emieljanson
Register_be
ezone_belgium
googleio
paul_van_dijk
druivenfeesten
Pandapps
StijnVeeger
MrLightBulp
MacRumors
Kinepolis
JeroenMichiels
SimonDeSchutter
RuudC
Pierre081
LeinDanny
markmoons
gonny
MarkVolders
palmaers
kvpassel
sjespers
cousinHub22
nexusonenewsnet
belgianwaves
droidconbe
radiobe
romainguy
androidnewsblog
AndroidExp
eMichNano
emich
vandueren
GunterVS
eyeplay
lingen
SignandDesign
androidandme
dnnsbrndl
1DayFly
WERELDTELEFOONS
mobilevikingsBE
tapbots
svendekock
Realregi
chowdownapp
AndroidDev
wardkennes
twidroyd
9lives
Gigbox
MacHeist
Androidworld
SkyTrix
Google
thomasvsundert
HTC_NL
ynnckcmprnl
MyTvGuide_App
SebastienT
KevinDeko
commonsguy
AndroidPlanet
Originall
iCulture
moviedna
androidawards
codecarpet
TheInsidersBENL
macrumorslive
ErikvanWijk
dotbart
appletips
getonwithitbe
daandesmedt
