astro_duque
Pantomima_Full
JosepCuni
Wikingenieria
madreSEOperiora
LaResistencia
MonegalFerran
manueljabois
igeldo
enriquelopezemb
Motoroute
OspinaMateos
FastBikes2012
wikihilos
PabloIF
ohmylol
LocoMundoCero
VidaModernaOML
IgnatiusFarray
MrRobot_es_
davidbroncano
Rainmaker1973b
ovh_support_es
AntonioMaestre
DavidCaramazana
Naukas_com
ApuntesCiencia
JulianLopez
MotosBarcelona
FrankUnderwocd
AuxiCus
Informatico_V
Eli31780896
FisgonHistorico
edans
gregory_rice
orbitalaika_tve
malditobulo
A_Valenzuela
KonradBCN
Principia_io
javibuhardilla
hsocasnavarro
pcoffeebreak
buhardilla
radioskylab_es
palbaladejom
becarioenhoth
MolaSaber
itjobs_es
mulet_csm
HdAnchiano
pronoide
HackathonLovers
meteocat
atSistemas
charlysinewan
Battlefront_new
Woody_Campbell
4chan
PacoPil
ChimoBayo
OscarHG9
ovh_es
torrentleech
tracker_nfo
torrentinvites
opentrackersorg
SysAdmHowto
fjamie013
GIVIBarcelona
perlanegraviaje
oracle_es
MSCloudMgmt
Rider1000_
ivansanzdiaz
Snowden
aj_gandia
antonlosada
jesusmarana
olgacodi
Eli46616146
DSheldon_Cooper
eduardoinda
CNNEE
Cabronazi
DebatAlRojoVivo
cristina_pardo
seorafranquista
Albert_Rivera
sanchezcastejon
hyperloopupv
dasouza
lucducatibcn
STANDBY_es
planasmasip
GoogleES
oprades81
sysadmit
TrackerHD
gemprojecmarket
SIGA98
javier_blazquez
PlanWatcher
capitanmamona
moedetriana
SuperFalete
SenoritaPuri
SalvorKun
FINTONIC
_infoLibre
MafaldaDigital
PaduaBodega
jjoaquinvera
PatchMyPC
sfnet_ops
Mhemeroteca
TodoPOI
ximopuig
liopardo
LuisPistoni
ManuelaCarmena
ASMotorista
PLGandia
DMAX_es
MediaMarkt_es
DiegoJu69666004
movistar_es
LaMadredeBrian
diostuitero
norcoreano
peritoit
jmperezmarzabal
ati_informatica
itnig
JoanFiguerasT
arsys
pccomponentes
JaviTannhauser
leroymerlin_es
YofuiaEGB
GavinaLlibres
MSEmpresasLatam
Tia_Ankeles
Jesusvalero68
javierlaosa
JuanjoMoncho
TechNet_es
MS_Empresas
DecathlonES
shirtgeek
SamsungEspana
unicef_es
Kelisto
TwitterEspana
proyectosnubelo
kudyelsa
BodegaPadua
edullorca
telegram_es
telegram
Omicrono
26_DaniPedrosa
ManOwaRFreaK
aanval
JesusCintora
Gryzor
1GbDeInfo
IronUlrik
NetApp_es
Manager_Forum
EduMadina
actic_cat
elcibernarium
tic
SpainForFinance
josecdiez
QueBaratoSale
ElevenPaths
metroscopia
JuanJoseMillas
plainconcepts
JManuelOrengo
Internautas21
juancarlos34krs
jochi30
p_prietogea
humorgeeky
ObjetivoLaSexta
flofdezz
4v4t4r
xataka
auxiliotes
EliseoXaixo
ILUSTRESignoran
APAFCV
Gomaespuma
constanromero
BotCoin
Kiqoramon
DJLorite
mundohackertv
noticiasenmorse
cotalba
LatinaEsquina
enjutomojamuto
bassileo
TuitersGandia
Borisizaguirre
levante_emv
gentedelasafor
stonebyspain
CarmendMairena
classora
chemaalonso
box_repsol
esecundarios
lavozdeinaki
info_TGSS
valenciacf
CBTNuggets
MiguelelSevilla
hora25
PepaBueno
microsiervos
raulrubioescoda
pedroblancoa
EmilioMarquez
PedroEPozuelo
TuiterDeDios
vmw_workstation
VMwareCareers
vmwarehorizon
VMwareEvents
VMwarevSphere
vmwarecloud
OVHcloud
VMware
_Queque_
ana_morgade
a_lo_gonzo
VicenteVallesTV
DucatiCatala
Carbonellsg
GizmodoES
cansado2
NadalMiki
jonsistiaga
MontDeMont
atawalpadeejay
ticPUE
SoundCloud
AngelNietoTeam
epunset
Santi_G_Sauque
EspeonzaAguirre
abarceloh25
DaniMateoAgain
kunfu_mkt
JuanCMejiaLlano
marcmartintw
AdriaRCPigri
policia
elbaronrojo
Berto_Romero
arsenioescolar
eva_hache
laSextaTV
La_SER
forges
saforguia
ccarnicero
Warcraft
elmundotoday
SSantiagosegura
GLlamazares
El_Intermedio
RomarConsulting
Buenafuente
BancoSabadell
x35Bot
ontiverosemilio
visitgandia
Santi_Millan
paugasol
_anapastor_
_DaniAlonso
alexdelaIglesia
secbydefault
Mary_of_the_OH
laredticos
elpais_economia
iescolar
PrimaRiesgoBot
Work_In_Spain
TSP_ECommerce
dataprix
PabloDoval
jfvizoso
ibonilm
ElHuffPost
hackplayers
MSLearning
InfoTiendas
Diablo
BlizzardCS
RicksterCDN
SSELLOB
javieralminana
ticjob
energy_tv
MediasetMotor
windowsespana
esitpro
todohdtv
FactuSOL
SoftwareDELSOL
WebfusionES
meneame_net
monicaoltra
motociclismo_es
CEVMotorcycle
jordievole
SamsungMobile
fgomez
muyinteresante
AugustoMdeC
KevinSchwantz
ValeYellow46
hootsuite
DZ81
VirgiFdez
seoonoser
bitnami
ximominana
infoworld
ticweb_es
cristinagomezre
DennisNoyes
msdev_es
SimbusAutocares
jordioller
Xacomon
NaturalUse
Mich748R
juanmurgui
MelchorBalaguer
CliveJagger
casesce
adetyu
eltramus
trullolsanna
systutorials
sysarmy
Currofile
PROCATTIC
_Rubalcaba_
mundowdg
bandaanchaeu
elandroidelibre
rainappsocial
ImageShack
hostienda
sergiocosrivas
radiogandia
gandiaenlared
PSOE
DucatiMotor
el_pais
PetriFeed
19Bautista
MotoGP
